4.3692
4.2254
3.7044
3.5910
3.6221
4.4694
2.2415
3.7306
3.6763
3.2832
3.3225
3.7480
4.1225
4.8557
3.1906
2.8508
2.5436
2.7939
3.8006
4.2548
4.5170
3.5532
2.7020
3.3828
2.5796
4.4852
4.4198
2.9137
3.3292
3.9457
4.3123
4.8036
3.6987
3.2540
2.7989
3.4048
3.7117
2.3904
3.2333
3.7095
3.9650
2.7901
2.9265
4.0845
4.7252
3.2210
4.3754
3.5506
3.9584
3.9987
3.4881
4.7866
3.7240
4.1419
3.7413
4.8871
3.5502
3.4916
3.5443
3.6550
3.9156
3.9709
4.0776
3.5953
3.6341
2.9227
2.2894
3.9051
2.7535
3.4543
2.6645
4.0527
3.5525
3.1086
2.7430
2.4030
3.2349
3.5806
4.0649
3.7195
2.6397
4.7827
4.5604
4.5118
5.0555
3.3365
2.6646
3.3125
1.8372
4.4898
3.1034
4.7966
4.3338
4.8539
4.4409
4.2387
3.4824
4.3773
3.2757
3.5709
4.1123
4.0325
4.0840
2.8923
2.6592
2.6860
3.1671
4.2301
3.8350
3.6599
3.8760
4.4569
2.6326
5.2019
3.5206
2.8445
4.2887
4.7532
2.5806
4.4662
4.3228
3.4758
2.8573
3.8360
2.6682
4.0700
3.0953
3.4134
4.4952
3.1225
3.4334
3.3632
2.6816
4.2909
4.4560
4.0187
3.5692
3.9529
4.0486
3.2138
3.9567
3.3871
3.4496
4.7971
3.9365
3.8627
3.7105
2.3353
2.9507
2.8855
4.0700
2.3086
1.7553
4.1323
4.4187
2.0630
3.9875
4.4823
1.1439
3.2241
2.9004
4.0651
3.6632
2.6731
3.0891
3.7189
3.2828
3.7738
2.1061
4.0669
4.1339
3.8165
4.0852
3.8583
1.4961
3.3807
2.8351
3.6155
3.9760
2.4594
2.8911
2.4097
3.0107
4.0774
4.4231
2.3571
2.5210
2.4102
3.9303
2.8504
4.4220
2.4596
4.2571
4.6360
4.3100
4.6662
3.6366
4.2698
2.4281
4.0171
3.7080
4.1777
4.7724
3.7374
4.3235
3.4427
3.0223
5.1507
3.2500
4.0270
3.4720
3.7736
2.4533
3.4825
3.6912
3.9911
4.3676
3.8046
3.5699
4.0320
4.3033
3.9374
4.2707
4.1302
1.6762
4.5316
3.4814
2.5686
4.8497
3.1179
4.1891
4.9422
4.8314
3.7857
3.4817
4.3741
4.0189
2.9104
4.4195
3.1845
2.4756
3.6242
3.7371
2.5350
4.2293
3.6951
2.3715
4.4741
4.1821
0.9395
3.9871
3.8389
4.6781
4.2513
3.9423
3.5926
3.1668
3.5183
1.4549
3.0525
3.4979
5.2420
3.6986
4.9982
3.4589
4.0952
3.4329
3.5686
3.4666
2.2227
3.4645
3.6574
3.5972
2.0447
4.6737
3.4897
3.9778
4.4242
2.8145
3.3452
3.5480
4.1786
4.7872
4.6982
0.9601
3.9090
3.1291
3.9828
4.5459
3.3915
2.9027
3.0037
3.8172
3.8751
3.8076
4.2213
4.1568
3.3450
4.9108
4.2015
2.4623
3.5374
3.1279
3.4735
3.2311
3.0488
4.2800
3.5619
3.0748
2.6889
2.7461
3.5802
2.4346
3.2587
3.6656
2.8382
3.5282
3.4471
3.9394
4.2521
3.9910
3.5783
3.8135
4.3166
3.6716
4.7363
2.5134
4.7931
2.9142
3.3698
3.7610
3.9302
3.9916
3.6516
1.7820
4.0574
4.4703
3.8203
2.3780
3.9950
3.2847
2.7205
3.2103
3.7412
1.7667
1.6026
3.2046
3.8849
2.8653
2.6465
3.2282
3.4406
2.5264
4.8885
3.3300
3.5969
2.0430
3.8439
3.4147
4.6974
3.3702
4.0056
3.3575
4.1038
3.3353
4.6889
3.6332
5.2613
3.4445
3.8943
2.7580
3.1737
4.4733
2.6983
3.2751
3.9714
3.8188
2.9254
3.3204
2.8128
4.0632
3.3582
2.9918
3.8776
3.6176
4.2019
4.2046
2.9915
2.2343
2.7025
2.3991
3.9785
3.9949
3.1894
3.3769
3.8480
0.8872
3.3877
1.9478
3.9847
2.6740
4.0376
3.7725
3.4834
3.8448
4.5876
3.9193
2.4587
4.5364
2.6119
3.4202
4.2540
3.6468
3.5274
4.2041
4.0205
5.3235
4.3187
3.3100
4.0451
3.5207
4.2188
2.9721
4.2521
2.2784
2.8605
3.8779
3.5663
3.5359
4.3644
3.1677
2.9275
3.8351
3.4601
3.4269
4.9318
4.6123
4.2197
2.8641
4.2943
3.0625
4.1965
3.7722
3.4639
3.4939
4.7360
2.4313
3.9847
2.6186
3.7723
3.9847
4.8644
3.6179
3.4362
2.6778
3.6876
4.6171
2.7981
2.8942
4.0315
3.4210
2.1434
2.1861
3.6424
4.0208
3.9976
1.9935
3.8882
4.4101
2.9544
3.2815
3.9847
2.5225
3.6017
4.2586
3.2917
3.8556
4.0306
3.5584
2.0097
4.1353
2.7233
3.7615
3.2439
3.6369
4.0926
4.5264
2.7107
4.8222
3.8297
3.8181
2.4816
3.7470
4.7519
4.1089
4.3645
4.0993
3.5440
4.7361
3.3376
3.6965
3.0523
4.4536
3.8642
2.6877
3.3868
4.0419
3.5791
4.8440
2.5974
3.5129
2.6888
1.7796
4.2139
2.5392
4.0621
3.8694
3.6059
5.2900
2.8629
4.6118
3.5637
3.7798
2.4400
3.8182
3.6198
4.3469
3.8607
3.1988
3.6511
3.3269
3.6891
3.1609
4.5326
4.7829
4.1777
4.3346
4.1349
3.8431
2.7105
3.9738
3.3315
4.0455
2.4270
2.7657
3.2007
3.2097
3.8690
4.6127
2.7830
3.5649
3.2956
3.7871
2.2951
2.3922
4.1378
4.2030
3.4546
3.9786
3.1950
4.0298
4.1764
4.1147
4.0336
3.8299
3.4960
4.7765
3.1514
4.5111
3.5459
4.2341
4.4456
4.8526
2.8349
4.5710
4.4833
4.4270
4.1385
4.5254
4.5987
3.7463
3.3502
3.8474
3.4168
0.8987
4.1025
2.3065
4.0754
4.7913
4.1330
3.6875
3.4736
4.1601
3.1600
3.8819
3.6426
3.6585
3.7698
3.4907
3.4828
2.9139
5.1174
2.3825
4.4071
3.0021
4.0504
5.0929
2.5322
4.5361
3.8321
4.0401
4.2833
3.5802
3.6912
4.1989
3.2537
3.7954
2.8172
3.8934
5.4027
3.5658
3.8283
2.5386
4.7306
3.6000
2.1666
3.5678
3.5082
3.0545
4.2978
4.0059
4.3664
3.9563
2.6979
3.5976
2.6875
3.8801
3.4431
4.2497
4.1150
1.9475
3.5975
2.5175
0.9272
3.6368
1.9437
3.1155
3.7218
4.2062
4.2993
1.8030
3.0969
4.0663
3.6329
3.6430
3.3633
3.9228
2.6706
3.3959
3.0312
3.9722
4.0680
2.3980
3.1290
4.5594
4.9596
3.6856
4.3503
2.7776
3.5393
4.5965
4.2775
3.0700
3.1851
3.3539
2.4653
5.1177
3.5292
2.6013
2.9971
2.7875
3.7368
3.4753
3.2001
3.4961
2.4208
3.4718
4.4858
3.9514
2.5277
2.9836
3.8010
4.4192
3.7795
3.2121
4.4620
3.9651
4.9261
3.0377
2.9926
3.3283
4.3217
4.5101
3.0661
3.4329
4.8498
4.0980
1.1624
4.6435
2.2837
3.0389
4.2448
4.4806
4.0409
4.4103
4.3583
4.1376
4.3475
4.4094
2.5082
3.9252
3.1785
4.0418
3.6708
3.5556
3.1738
3.2745
3.6589
3.3857
1.9591
3.2078
3.4524
2.6443
3.8052
4.0032
3.0273
3.1055
3.0010
4.5663
3.3135
5.0802
3.3758
3.0906
3.6574
3.6632
3.6975
2.6113
3.8800
3.9000
3.4607
4.2793
3.3672
4.1394
3.4628
2.6652
3.7168
2.1175
3.0132
4.4496
3.9807
3.6925
3.2587
3.4287
3.7114
2.8465
3.7046
4.8963
4.0674
3.7864
4.4387
3.7620
0.9486
4.6123
4.1047
4.5070
3.5148
3.2311
2.6502
4.1673
3.8771
4.0592
4.3866
2.8063
3.2169
1.2895
3.1180
3.0572
4.3511
3.8780
3.4669
2.0088
3.0194
4.6792
2.8470
2.6469
3.6566
4.3274
2.9085
3.3066
4.1169
3.4717
3.9470
2.3401
3.4452
3.5548
4.3972
3.4637
4.5106
3.1572
3.9475
2.7837
3.2658
4.3108
4.8393
2.1068
4.2237
5.0950
3.7198
4.4148
4.0514
3.8497
3.9502
3.8397
3.6915
2.2958
2.2519
3.7537
3.3054
3.5496
3.3223
4.0551
3.1268
3.5134
3.9009
3.6286
4.6353
3.1099
3.6752
3.7049
3.8402
3.5327
2.9159
3.9769
3.2543
3.5094
2.9875
4.0963
3.5793
4.7995
3.6809
3.6383
4.5798
3.1077
4.4280
4.6129
1.2765
3.8999
2.4587
2.0910
3.3262
3.2189
4.9993
3.9120
3.0858
3.7559
3.9162
3.2500
3.8168
3.7540
3.1494
4.1080
4.1169
3.2721
2.8608
2.3891
3.1185
4.8386
3.6641
3.6238
3.4452
3.3682
4.4497
1.7248
3.8394
4.2910
2.8902
2.4395
3.2508
4.0811
3.4098
3.6089
2.8553
4.2340
3.9479
3.3115
4.1337
2.7082
3.6654
3.2949
4.0752
4.5215
4.0827
3.3357
4.5514
3.8459
2.8158
4.3266
4.3242
3.3227
3.6165
3.5794
3.2526
3.8366
3.1898
3.2805
3.9514
3.0462
2.4451
2.0573
2.4178
3.8659
3.4452
3.0210
3.1151
3.1056
1.5474
3.8555
4.0860
3.9025
2.6475
2.6963
3.7621
3.2889
2.9277
4.5433
3.1226
3.9196
4.1384
1.6347
2.5717
3.4269
3.7272
3.4143
3.0886
1.9677
1.5286
3.8480
3.2196
4.1772
2.9115
5.2243
3.4620
3.7382
2.0947
4.2460
3.9463
4.7837
3.4905
3.7268
4.2746
2.3021
4.1476
4.8056
4.7174
4.4475
4.0297
2.9832
2.9830
3.8075
4.2367
4.2753
4.4967
4.0420
4.2096
2.2522
4.7082
3.9914
3.6497
4.4025
2.2407
2.8345
3.9331
4.4355
4.1656
3.5147
2.8415
2.6257
3.0120
2.6930
4.6211
3.2880
5.1481
3.8363
4.5158
3.5735
3.3127
3.6753
3.6509
3.4538
3.2639
2.4060
3.5887
3.7911
3.6352
4.2033
4.9695
3.5303
3.9695
2.8269
4.5783
2.6418
3.6203
3.3645
3.0736
3.3407
3.7825
2.1903
3.4805
4.5416
3.3478
3.5907
3.2008
4.7521
3.8931
3.5951
2.2827
3.2336
3.1077
2.9923
4.2637
3.0975
3.5737
3.1531
2.5519
3.9535
3.6508
4.0892
3.8929
2.0223
2.8093
3.1219
2.6808
3.8773
3.8830
3.1105
3.1079
4.3571
3.2133
3.2046
3.9343
3.2376
2.7544
4.6810
4.0710
2.2294
4.5150
4.1482
3.9996
1.0618
4.2941
3.8379
2.9814
3.2237
3.4925
4.1360
3.0108
4.2131
1.9899
4.2014
4.7226
2.3463
1.8804
2.8700
2.9394
3.7145
3.4505
3.9680
4.5526
3.4158
3.5915
4.8095
4.7045
3.3748
1.0944
3.5693
3.7371
3.2277
1.0167
2.4704
3.3270
4.3279
3.7832
5.0066
4.0051
5.2635
3.6389
4.3860
3.6167
3.3003
2.2698
3.8101
3.5488
3.8098
3.9192
3.3563
3.0318
2.5389
2.9135
4.4494
3.8487
3.4435
3.2236
3.9121
3.2353
3.5680
3.0503
3.6906
3.9730
1.0302
3.9874
3.4116
2.3388
3.7683
3.4453
3.3518
3.3664
3.6643
2.2102
4.9834
4.6541
4.2116
4.5131
3.6456
2.6974
3.4648
3.8095
4.0211
2.9448
4.7343
4.2634
3.6776
3.3689
4.4088
3.4713
2.6447
3.4253
3.6979
3.2613
3.8592
4.2719
3.3626
4.4331
2.9936
3.8001
3.9601
3.7023
3.7814
3.2049
3.4428
4.1805
3.6821
2.0354
2.8347
2.7970
2.7118
2.4644
3.9590
3.8345
2.9999
5.1631
3.1593
3.9102
2.7270
4.1214
3.9049
3.9337
4.6961
3.0184
4.4745
4.3692
4.2998
3.4331
3.1809
4.1250
3.5152
4.2116
3.8301
4.0806
3.0587
2.1970
3.3446
3.9070
2.1335
4.0331
2.3614
2.1470
3.9354
4.0545
4.0447
2.8456
3.3909
3.9404
3.8643
1.7445
4.5911
3.9940
3.5526
3.5031
2.5289
2.8230
4.4070
1.8118
3.4206
2.2692
3.6240
3.4740
4.0370
3.9292
3.7361
4.8612
3.7915
2.6649
4.0539
3.6099
3.9998
3.5702
3.8162
3.3082
3.6124
3.8732
4.1883
2.8952
4.4110
0.9263
2.7237
2.9863
3.7474
3.3620
4.8594
4.8252
2.6736
2.2959
4.6281
2.1920
2.6033
3.6505
4.2180
4.2093
4.0276
3.1887
4.6923
4.7403
3.9101
3.2695
4.6042
3.9531
3.9483
2.9290
3.0223
3.2113
3.4095
4.4041
3.8556
2.6736
4.0260
1.7553
3.1838
3.6733
3.8433
4.4203
3.1720
3.9837
3.1200
2.9697
2.7845
4.1679
5.2626
4.5689
4.1487
2.7093
3.8386
2.3399
4.0060
2.2935
4.3985
3.8318
3.7071
3.6375
3.4306
2.5521
3.8347
4.3245
4.4409
1.9086
4.2519
4.8248
3.7941
4.4169
4.5558
3.6223
4.7209
3.6094
3.6920
3.6446
1.7131
3.6936
3.6164
3.7128
3.0839
3.7624
2.6930
3.0343
2.0949
3.5549
3.4119
2.3283
4.9436
3.6976
4.7024
4.7068
4.2591
2.6521
3.4248
3.2181
4.1393
4.4319
3.1621
1.9625
4.8651
3.5380
2.6344
3.7052
3.6324
3.0173
3.9111
2.5243
4.9563
4.2238
2.5711
3.5922
2.2780
4.2944
2.7794
3.5587
2.0818
3.6441
3.1122
3.0101
3.4024
3.7429
4.1899
3.8334
4.3146
4.3482
2.9833
3.9466
1.7152
3.8969
4.1602
1.0348
3.0551
4.4378
3.3016
3.2445
3.0194
4.4962
4.2187
3.8538
3.6715
2.9469
4.3409
3.5953
2.5037
3.2736
2.8394
4.1390
3.6408
2.5694
4.1513
3.6825
3.4258
2.9527
4.4336
3.3437
4.0118
3.9903
2.9222
3.1680
3.6940
2.0036
4.2294
3.5335
3.6783
4.0056
4.1576
3.3157
3.3086
3.8993
3.1741
2.7032
4.0048
3.0089
4.1362
2.7974
2.4350
3.4005
3.9790
3.7103
2.9692
3.4530
4.5673
1.6626
4.3916
3.1982
4.4098
2.6868
3.5852
2.8878
4.1361
4.2653
3.4937
4.4333
4.0393
4.3525
3.4956
3.7779
2.4192
3.6593
2.2251
3.5300
3.4731
4.0117
2.8507
2.8171
4.5378
3.9366
3.3582
3.5244
3.5773
3.1018
2.0144
4.9868
1.4761
3.8330
4.1557
3.2185
4.4045
4.2653
4.4634
3.2139
2.9332
4.4605
4.0860
3.2415
3.0606
4.1893
3.3936
2.8464
4.0582
4.1773
3.8922
2.9100
3.8467
3.3372
4.5805
3.8320
4.1886
1.6347
1.9118
3.4169
2.5802
4.1208
3.9437
2.9929
4.1388
2.3510
4.4645
1.8979
4.0213
4.1244
2.8212
4.5222
4.1694
4.2335
4.2280
3.5425
3.1996
3.7276
2.4679
3.6068
3.6611
4.3881
4.7400
3.1955
3.2943
3.3378
3.9505
3.2146
2.3615
3.4655
3.9761
4.0724
3.9662
2.9652
3.6360
3.1335
3.6946
1.5864
3.6406
4.7059
3.1340
3.5523
3.7213
4.4112
4.1733
3.8303
3.6948
3.8751
3.2312
3.4001
2.8417
1.7585
3.5853
4.0641
4.4942
3.7442
4.6141
2.9289
2.0294
4.2665
3.6717
3.6241
3.6649
4.4404
4.1982
3.7920
3.9964
4.0225
2.0873
4.1102
3.9825
3.9092
3.1250
4.3607
3.3222
2.6474
4.3002
3.7275
3.2838
2.8824
4.6487
4.0651
4.9023
4.2014
3.2176
3.7713
3.7158
2.8328
3.5760
3.0545
3.4351
3.0431
2.6592
4.0472
4.0332
4.6767
3.6049
3.9096
4.1943
3.1731
3.7789
2.7067
3.7930
3.8887
4.5560
3.4524
4.9333
3.7308
3.8161
3.1758
5.3566
4.2536
3.2186
4.1358
4.0023
3.1370
3.8994
5.1034
2.9990
1.9381
4.2022
3.5355
3.9169
3.5518
3.4751
3.6472
3.7306
1.1601
3.6378
3.4204
3.2761
4.1646
2.9164
2.6248
2.6240
3.9281
3.1647
2.8077
4.3027
4.1327
4.4845
3.7089
3.8200
3.4014
4.1616
3.6182
4.1051
4.5285
4.1078
4.2987
3.3618
3.3611
4.2275
4.2518
3.6015
3.2317
2.5863
4.2033
3.0765
3.8600
3.1286
1.5917
3.7662
2.5357
3.8582
3.2669
3.7351
4.4279
3.3831
3.8929
4.2986
3.0616
3.9539
3.3533
3.6509
3.8748
2.8592
4.4874
4.0111
2.8045
4.3061
3.5871
4.1808
4.1062
4.8314
2.1540
0.5483
2.6152
2.2135
3.0303
3.7247
3.5851
2.5311
3.1138
4.0174
2.5338
4.0440
2.8071
4.8210
3.4136
3.5673
4.0039
4.4426
3.2595
2.8735
2.9690
4.4510
3.3209
3.2609
3.7243
3.0137
2.3489
4.2301
3.9009
2.9160
4.7130
3.9512
3.3187
4.4198
3.9476
3.8321
2.9616
3.2443
3.1463
3.6248
4.2036
1.5706
3.8165
3.6007
3.8567
2.6150
3.5409
4.2783
4.6235
3.9042
4.6804
3.3459
2.6327
4.0531
3.5900
3.6069
4.5804
3.0487
4.0418
3.8918
3.1108
3.1755
3.5761
2.1615
2.9798
2.6689
1.7103
3.4797
4.1942
3.4645
3.9360
4.3127
3.8860
3.7788
3.8635
5.1804
3.8026
4.0382
4.4428
4.8058
3.8394
4.3822
3.6519
3.3419
2.9822
3.2836
3.7366
3.6416
4.8487
3.6486
3.7302
3.2683
3.5356
4.4254
3.9099
1.3884
3.9064
4.0217
3.3579
4.1854
2.8259
4.4779
5.1430
4.1270
5.6159
2.6134
4.7356
3.3837
2.8852
3.7710
3.4026
3.0358
3.7398
2.6673
2.5588
3.9742
4.0734
4.8280
3.8992
3.5673
4.3930
2.8413
3.8333
4.1658
3.1089
3.6694
4.5237
3.0528
3.5956
3.1384
3.6219
4.1569
3.8012
3.0632
3.7855
3.3382
4.2254
2.3022
3.5683
1.9517
3.9243
4.1730
3.1973
3.0139
4.3541
4.0504
3.9649
4.3259
3.0629
4.3455
3.3998
4.5596
4.6470
4.0524
2.9053
3.2520
4.0275
4.2225
3.7287
3.3692
2.0988
5.2709
4.2181
3.6718
4.2012
3.8051
4.8834
4.6774
3.1289
4.1917
4.1279
3.5425
2.5897
3.1489
2.8854
2.7880
4.3612
3.1330
3.7343
3.4007
3.5936
3.7169
3.8006
1.8150
2.9754
4.7638
4.2026
3.7324
3.4648
3.0849
3.6930
5.4851
4.2344
3.2436
2.1921
3.0919
3.8598
4.0038
4.5883
3.9690
4.2722
4.6949
3.4625
3.8837
3.2161
3.4006
4.2926
3.4670
4.2607
3.1595
2.2273
3.5255
3.6081
5.2016
3.7174
3.5243
4.6657
4.2046
1.8310
4.7845
4.1110
3.1198
3.2229
4.6962
1.1867
2.6111
4.4552
2.8437
3.3583
4.7858
4.6162
1.4622
4.2376
4.2855
3.8481
3.0344
2.0201
3.9190
3.8179
3.6604
3.4047
3.1913
3.6764
3.5181
3.8096
2.9283
3.2571
3.7527
4.2083
4.6873
3.6902
2.5173
3.4979
2.9554
3.3179
4.8114
3.1076
4.0173
4.2391
3.0295
4.0707
3.1692
2.2176
3.9383
4.1315
4.4060
4.1226
3.6651
3.7408
3.0285
4.2760
3.5828
4.9138
4.2211
2.8277
2.4589
3.9665
4.8589
2.4152
3.6910
3.8780
2.8734
4.2184
4.1162
1.6391
3.6607
3.8172
3.4442
3.8160
3.7715
3.1509
2.4901
1.0279
2.5528
3.6540
3.4135
4.7690
2.2982
3.7987
3.1117
3.7153
5.3651
2.5908
1.9817
3.7349
4.3400
4.3860
2.8105
5.1817
3.7651
3.8426
3.3189
3.1852
2.7682
2.4722
2.3127
2.8520
3.4458
4.1755
3.9991
3.8409
3.6601
4.2243
2.9278
2.1999
4.4016
3.7920
4.6358
4.0827
3.0326
3.3800
2.2148
2.5443
2.4823
2.4308
3.6456
3.8335
3.3475
3.3499
2.5252
4.3180
2.3771
3.3291
3.3689
2.2669
3.6950
3.6294
3.8794
4.1875
3.7073
4.3311
3.4536
2.4107
4.1305
4.0220
3.9648
4.9589
3.2814
3.3153
4.2652
3.3027
3.1336
3.3660
4.0723
3.5202
3.9305
4.2922
4.8022
3.4132
1.3103
3.8189
3.6381
5.0260
2.7738
4.3455
3.0350
1.2042
3.9920
2.2015
2.7713
3.2481
3.8381
4.3198
3.8354
2.6036
3.9640
3.0604
4.7675
4.9678
3.8347
2.7339
2.5192
2.9374
3.2544
3.5870
3.5355
4.7181
3.2402
3.4685
3.4454
2.8667
4.0067
3.9934
3.9453
4.7890
2.7462
2.5491
2.8930
4.7543
4.5460
3.5685
3.3591
3.5890
4.4922
3.9480
4.9560
4.0193
3.3108
3.5487
3.5760
2.8253
4.1212
3.1127
2.3698
2.9722
2.4420
3.5650
3.1718
4.0382
4.4538
3.2118
4.8114
4.1134
3.8676
3.6174
3.2063
3.3631
2.7422
3.9452
4.1703
4.7816
2.8166
3.4293
2.3225
4.3434
3.8160
1.9468
3.8964
4.3458
3.3096
3.7081
3.1398
3.3132
3.3175
3.0495
3.6725
2.8627
2.3228
4.0494
3.8428
3.2846
3.9345
2.1445
3.9876
3.4378
1.4950
4.0711
4.0850
2.5431
3.6578
4.0383
2.3419
3.1421
3.4223
3.5613
3.7907
3.8565
3.9765
3.4871
2.9079
2.9714
2.1481
2.4344
3.9869
2.6688
3.4398
3.8424
1.6671
2.8535
2.4989
3.5060
3.5198
3.2977
1.4402
4.6254
3.5866
3.5595
4.1291
3.8899
3.3539
3.9731
3.1781
4.0313
3.7373
3.2541
3.5050
3.0808
3.0393
4.0983
3.5058
2.6903
4.2946
2.2899
3.4040
4.0342
3.7783
4.8406
3.5766
2.8780
3.9016
4.7601
3.6560
4.6118
5.0301
3.0829
3.5310
4.8253
3.8266
3.5180
2.5755
4.2526
3.9451
3.6771
2.0643
3.6996
2.6897
4.5726
3.1997
1.9595
3.7248
2.8238
3.5527
3.6455
3.5648
3.4503
3.0303
2.7819
2.6194
3.9803
3.7309
3.2288
2.1174
2.8451
3.9129
2.4249
4.4303
3.8690
4.0711
5.1752
3.6999
3.6874
3.4947
1.9252
3.1153
3.6251
3.1230
4.7075
3.2367
3.0862
3.4475
3.2896
3.3769
0.7545
3.3504
2.8874
3.0627
3.0550
2.6450
1.3714
3.6351
3.2196
3.4887
3.9072
3.2495
3.7700
4.0011
3.5419
3.4664
3.0910
4.9368
2.9964
3.5336
2.3374
4.9868
4.5895
3.8560
3.0814
4.3044
2.7735
2.7141
3.9047
2.2928
5.1547
3.6928
2.8330
3.6380
2.8444
3.5502
3.0908
4.1598
3.6287
3.5260
1.0716
3.9289
3.7608
2.9244
3.5652
3.7856
4.0970
4.2936
4.9346
3.0284
3.9276
4.2780
2.8960
4.4509
2.4047
3.6225
2.9558
3.9383
2.3804
4.2203
1.5072
4.5432
3.6220
3.8282
3.9605
3.1814
2.4436
2.2325
3.0876
3.7691
3.3999
4.0754
2.9728
2.9205
4.3631
3.6809
3.8261
2.6090
4.0308
2.7402
3.9595
3.5971
3.0311
3.8168
3.6254
3.4900
4.4023
3.9756
4.2536
2.3721
2.9980
3.3775
2.2840
3.0563
4.3858
2.6524
0.9460
5.1818
3.0747
4.0727
3.0898
3.0314
1.3624
3.8035
4.0193
3.5843
3.5341
4.6600
3.2712
3.4215
4.0235
3.6886
1.4517
4.5597
2.6601
3.8091
3.1239
3.2998
3.1188
4.2786
3.8542
3.0002
4.4212
3.1209
3.6257
3.5330
3.4761
3.8803
3.9096
4.1084
3.5233
3.0091
3.0854
4.6961
3.7331
3.6411
3.1936
2.8608
4.0193
3.4407
3.5938
3.0715
3.3620
3.8702
3.9058
3.7551
4.7862
3.3510
2.6206
3.8196
2.6015
3.7553
2.8327
3.1322
3.7161
3.6926
0.9873
5.0152
2.7075
3.9595
5.1224
3.0017
2.4119
3.4506
1.6937
2.7765
5.1411
3.8754
3.6501
3.4336
3.9248
3.1504
4.2137
2.6427
3.1663
3.5512
3.5254
3.6990
2.5170
2.5115
3.9352
3.3610
3.8476
3.3664
3.1247
4.0871
3.3800
3.7301
4.5718
2.5167
3.7084
1.2204
4.1550
2.7420
3.5351
3.7715
4.3188
3.7271
3.9186
4.1922
4.1445
3.7668
3.0459
4.6619
4.4343
1.5347
3.1868
3.9643
4.8722
3.2920
2.9266
3.7914
3.8859
4.7739
4.0929
2.6155
3.0132
3.6534
4.6220
4.4273
2.1370
3.7858
4.0439
2.9200
3.4288
4.1722
3.3742
3.5564
2.1431
3.3115
3.9325
4.1281
3.7980
3.4748
2.7520
2.9076
4.2972
2.8526
3.2375
4.0572
3.6201
3.9629
4.2417
3.5695
3.4146
4.3245
3.6779
3.4035
4.3574
4.4428
3.3387
4.0413
2.3560
4.2884
4.0013
3.6227
2.5972
3.2888
3.9339
4.1767
4.2670
2.7758
5.1185
4.2416
2.9029
4.3224
3.3243
1.9339
3.8341
3.7365
4.6459
4.3806
1.1907
4.2260
4.5911
4.7945
2.7977
3.3313
2.1642
3.6838
4.1567
3.7521
2.8753
2.8561
4.4474
4.2922
3.5321
2.5132
5.2151
3.6185
4.1096
3.6470
3.5094
4.1496
3.4633
3.3274
2.0461
2.8722
3.7541
3.6811
3.8494
1.7745
5.0231
4.9830
4.8439
3.1678
1.5038
3.5668
3.4705
3.9464
3.9360
3.5336
3.3110
3.4179
2.6545
3.5143
4.1948
4.2671
5.5356
4.3562
4.5148
2.8251
3.7406
3.4874
4.3465
3.7608
4.0479
2.8233
3.3964
3.0273
3.9490
4.6859
3.8720
2.6833
2.9783
4.0135
2.8361
4.3902
3.7184
4.5646
2.8231
4.3827
3.6989
3.1500
3.4805
4.2455
4.1145
2.5314
3.2317
4.2949
4.3827
4.5074
2.9109
2.7490
2.5493
3.3052
3.0201
4.1453
2.9731
3.6375
4.5212
2.9663
3.4849
2.8768
3.5719
2.0081
4.1772
4.4200
3.9018
3.4296
3.3226
3.6094
4.6618
3.5467
5.1090
3.8621
3.4482
3.2774
3.1330
3.5428
3.8190
3.0761
3.5677
2.9932
0.7163
4.0388
2.6325
3.6220
3.8873
4.2278
3.1958
2.9724
3.1777
4.1217
3.5919
4.4481
4.3679
3.4254
3.9562
3.6484
3.7862
2.6147
3.2961
3.7609
3.5903
4.1730
2.8394
4.6154
3.5390
4.6088
3.8976
3.0431
3.9802
1.0479
3.1853
3.0555
4.2431
3.5423
1.8304
5.3938
3.4758
4.3440
4.1398
4.2056
3.9088
3.6779
3.3229
3.9974
4.1485
2.7245
1.1966
3.4355
3.5407
2.3953
3.7484
4.6224
4.4373
3.9924
2.8530
0.9547
2.5890
3.7654
3.9234
3.9859
2.5323
3.6004
4.4470
2.1457
3.1920
2.4038
4.8776
3.1349
3.1503
4.8601
3.5377
4.1069
4.3012
3.6264
3.6712
3.7510
3.2015
4.5343
4.8797
3.2421
3.9744
3.2988
2.0103
3.9469
3.2104
3.9762
3.3982
2.4546
4.1152
3.3649
2.7206
4.4815
3.3674
2.9474
3.2096
3.5042
4.1866
4.2339
2.7020
4.2584
3.7824
3.9725
3.1640
3.1218
3.3310
3.1776
4.2597
4.6689
3.8584
4.0077
2.1183
4.2134
3.5495
4.4675
4.5763
4.9663
3.7390
4.5293
4.4605
3.5713
4.1892
4.1854
3.8831
3.7232
4.3298
3.8068
4.0686
3.2758
3.7394
2.9686
3.9613
2.6764
3.4291
4.5757
1.9125
4.2208
3.0665
3.2399
1.6544
3.3304
3.6317
2.7505
3.6450
2.7437
3.3468
3.7929
3.2757
4.5202
2.9043
3.1776
3.4173
3.4145
3.8480
0.8008
3.9793
2.9426
3.0517
3.7577
3.7690
3.3541
3.5683
3.1802
4.1390
5.1828
3.2558
4.5738
3.5357
2.3546
3.8592
4.2875
2.7306
3.7232
3.7310
4.4880
4.0613
3.5216
3.1967
4.4542
2.5863
3.1651
4.0667
2.3795
4.0521
3.3422
3.7947
4.7693
4.2877
3.4389
4.2249
3.6863
4.3801
3.4078
2.6761
2.4739
4.8874
3.6512
5.1156
4.2263
4.5679
3.0860
2.9038
3.6115
1.8079
4.5784
3.2195
2.5059
3.4759
3.7589
2.8352
3.9535
4.2666
4.3645
4.1515
3.2293
4.1011
3.4915
3.8325
4.1128
3.9228
3.5528
2.7668
2.7342
3.1490
2.4643
3.3614
3.5410
2.8659
4.3395
2.9861
1.5538
3.9295
2.6851
3.8888
2.9916
1.9458
3.3981
3.6890
4.4479
3.9935
2.4921
3.4696
3.2801
2.5763
1.8029
1.7628
2.7674
1.5181
3.8982
2.8994
3.7943
1.8209
2.3819
4.5515
3.4331
3.7180
4.4247
4.2222
4.3903
4.0661
3.2503
2.6539
3.9095
3.6158
5.1420
3.4561
4.4797
3.4132
4.2080
4.5222
2.8133
3.0651
4.2831
2.1587
3.9536
4.5409
4.3186
3.2819
3.1059
4.6502
2.6712
4.0962
3.5504
3.8881
3.8904
1.0726
3.5524
1.0371
4.8046
3.7274
3.6117
3.2616
4.2853
3.4329
3.6796
2.5822
3.9326
4.8358
3.7441
4.6452
2.7616
0.9652
4.2014
2.4268
3.7507
4.5285
3.5130
4.3885
3.6366
4.8651
3.0595
4.1661
2.1145
4.2526
2.5936
3.8024
4.4368
3.4454
4.3960
3.0292
2.4197
3.8008
2.4534
3.7995
4.0823
3.5594
3.5856
3.5977
3.0079
3.2823
3.1031
3.6045
3.4037
2.6210
3.5557
4.1370
3.7187
4.4640
3.6520
3.3791
3.0487
2.4140
2.1502
3.0830
4.0397
1.0255
3.1521
2.6227
4.1321
3.8799
4.0670
1.2643
3.7576
4.8453
4.4504
2.1986
4.5156
2.8032
3.8621
2.9689
2.7119
4.4487
4.3992
3.0276
3.5817
4.4283
3.4027
3.9046
4.2620
3.4667
3.0347
2.9887
5.4256
3.1048
3.4587
3.2241
3.1777
2.2324
1.4828
4.3135
4.7299
4.6638
3.4720
4.0213
4.3372
3.7694
3.0880
3.4824
3.9127
4.1502
3.5263
3.7101
4.4956
3.5582
1.5183
1.9770
3.5424
2.9773
4.1972
4.5231
3.3915
3.5632
3.5312
3.1466
4.1039
4.4962
3.8287
4.9711
3.2912
4.9835
3.7167
3.9806
4.4916
3.0390
2.6042
3.7282
2.6967
4.4447
2.8942
1.5919
2.3236
3.1662
4.2567
3.9604
3.5372
2.5792
4.6851
1.2345
3.7252
3.7906
3.2134
3.7644
3.1919
2.6682
3.4427
3.6270
3.7992
4.7603
2.1474
3.7460
3.8233
4.6440
3.3492
3.8622
3.0168
4.3923
3.8877
4.5077
3.7839
4.8590
4.5557
4.4535
2.5895
4.2169
2.3900
4.0716
3.9339
3.5349
3.8403
4.1113
3.1957
3.2476
1.8750
4.1987
4.2498
3.5379
3.6900
2.7315
3.1704
2.9643
3.1247
5.0491
2.8911
3.9011
4.4738
3.5644
1.1836
2.5656
3.7711
3.4053
1.6121
4.1824
1.7722
4.5501
3.2499
2.7875
2.3810
4.7028
4.6558
1.9200
3.1252
3.6300
2.5114
3.2020
4.2321
2.3549
4.5525
4.4364
1.0736
2.2995
3.3619
3.8195
4.7545
3.3236
2.5067
3.9176
4.2932
3.7844
3.8572
4.4960
3.2915
2.4428
2.5169
3.6647
3.9762
4.4196
3.6593
4.6866
4.4868
3.4028
3.7613
3.9895
1.9362
2.8422
3.3028
3.7906
2.3379
3.9811
3.5186
4.1049
2.9110
3.5206
1.7690
4.4629
3.1242
3.3801
3.5145
4.3186
4.5697
2.7164
3.2012
3.5765
3.6367
2.2256
4.5681
4.6979
3.5847
4.0609
4.0712
4.0341
2.0597
3.8572
4.0554
3.9230
3.6392
3.7341
1.3693
3.4772
2.6213
4.5059
2.9915
3.8251
4.3547
3.7927
3.9300
2.9197
3.0579
3.4352
3.1129
4.5193
4.3478
2.7856
2.7003
3.6661
3.8856
3.6139
3.5648
3.3052
4.1307
3.5571
2.2047
4.5286
3.4383
2.8514
3.5065
2.1336
4.0249
3.3718
2.7818
4.1678
5.2339
3.7926
4.6100
3.9795
2.9182
4.1714
4.3910
4.5561
3.5815
3.9606
3.3189
4.1636
4.2754
2.9185
4.2334
3.9337
3.7350
4.3510
1.3254
3.7805
3.7342
4.0311
3.1776
2.7687
4.8096
3.2735
5.2896
4.0541
3.5016
3.7820
4.9569
0.9799
2.9819
4.7326
4.1142
4.9415
4.6901
3.5455
3.9501
3.5217
4.6475
2.8237
3.5911
4.4655
3.3246
3.4450
4.5936
4.5644
4.4251
3.9018
3.7076
3.5115
3.6095
2.5847
4.0237
4.3583
2.8765
4.2146
3.6549
3.8020
3.2925
3.1816
3.1001
2.2907
3.6953
3.7140
3.1030
5.1245
3.6871
3.6058
3.7132
4.0765
3.0985
3.0780
3.0090
2.8280
3.4922
4.4931
4.2041
3.6167
2.6815
3.9004
3.6167
3.6205
5.0077
4.4884
5.1602
3.2326
4.6852
3.3032
4.2500
1.7701
3.5466
3.4828
3.3616
1.5618
3.4789
4.2257
3.1008
3.6150
4.1591
2.5165
3.2667
3.1294
3.2659
2.5791
2.9822
2.7418
3.4523
2.5249
4.6502
4.4659
2.8822
3.2178
3.3797
3.1841
3.1590
5.2207
4.4096
2.9431
2.1237
3.6401
3.8086
3.5893
3.2984
3.9333
3.8229
3.8695
2.2852
3.6410
3.6821
3.8613
3.7641
4.0801
3.2884
3.3835
3.7331
4.5347
4.1878
2.6982
4.1989
3.6177
3.1028
3.9674
4.6801
4.3953
4.9098
3.3025
3.0874
3.9698
3.9841
4.9662
3.4805
3.7011
3.7014
2.8199
3.3012
4.2093
4.1471
4.3078
3.5915
3.3264
2.7762
4.7592
4.6064
3.3175
3.4067
5.0576
4.2717
3.1268
4.6411
5.1823
4.9958
3.1938
4.1442
3.2394
4.1884
3.5019
3.1205
4.1346
3.3020
3.3871
4.7259
3.4740
3.0660
3.9019
4.4580
2.5611
4.2398
3.5750
4.9379
3.7068
4.3078
2.4822
1.5900
3.4078
3.9971
3.2646
2.9247
2.8098
3.7651
3.3873
3.0953
3.4435
3.5752
4.5532
3.8417
3.8358
3.7540
3.1815
3.6517
2.4705
3.4741
3.2449
3.5013
4.5686
3.8953
3.1562
3.2651
3.0490
3.7886
1.4938
1.1646
3.6172
4.0404
3.2483
3.2212
4.9466
3.6490
1.9441
4.2088
4.7057
3.5782
3.7829
4.1391
3.4116
4.2144
4.0472
4.1455
4.5917
4.4854
1.8057
2.3698
3.2881
0.8345
3.8410
3.9728
3.8340
3.7613
3.0239
3.2945
4.0754
4.0713
3.9798
4.8890
3.2510
3.4771
3.9463
1.8216
4.0957
3.5410
4.1536
3.2945
4.1393
3.8244
4.9919
3.0969
2.2141
2.4253
2.4539
4.3522
3.4751
4.5789
2.4772
2.9559
3.2244
3.9086
2.9735
3.3701
4.4684
4.6416
3.2856
2.3862
3.1107
2.2666
3.6504
2.7671
3.6287
3.7380
3.6452
3.5615
3.9220
3.4790
3.6862
3.2789
3.6789
2.8846
2.9319
2.9700
3.6248
4.3478
3.3158
2.8142
3.6285
2.4503
3.1788
4.1653
2.0113
3.3323
3.2091
4.1094
4.7012
3.2896
3.9808
3.1698
4.4243
4.4822
3.8936
4.8495
4.5246
3.2857
4.7405
3.5983
3.4949
2.8027
3.0925
2.5035
4.0700
3.1875
4.2608
4.7256
2.2702
4.7317
4.0694
3.6209
4.4860
3.6584
3.0565
2.9512
4.3309
3.6236
3.6204
2.8655
3.8594
4.1314
4.4060
3.5199
2.6294
3.9229
4.7990
4.0913
4.1982
2.7657
2.4871
4.2030
4.3428
4.7258
3.1990
4.3178
4.2512
2.8731
4.7275
2.7241
3.7078
4.3709
3.9957
2.8834
3.2785
3.6122
4.3269
3.3974
3.4443
3.1116
3.4704
2.3407
3.6370
5.1275
4.1574
4.7384
2.9209
5.1558
1.7833
3.8143
3.2199
1.4479
3.1115
3.5216
2.6664
3.9961
4.5786
4.5221
3.8178
2.0332
0.9666
4.3023
3.7969
3.3613
3.1401
3.4210
3.4720
4.0504
1.4114
3.1378
4.3812
4.8483
2.9834
3.1847
2.7389
2.5170
1.4799
2.3087
3.1395
4.1501
3.6764
4.7442
3.3221
2.5305
4.2882
4.9157
4.2469
4.3083
4.0950
4.2810
0.9601
0.9638
3.7705
3.5362
4.6167
2.7337
4.2546
4.0589
4.1027
3.6754
4.0100
1.2616
4.6887
3.3707
2.9379
4.0728
3.7465
2.6256
3.6984
3.6600
4.0089
3.7845
3.2485
2.0816
3.3087
2.7726
2.7351
3.9972
3.5300
4.0243
2.8776
1.9470
3.8004
3.7889
2.8910
4.2557
3.3030
1.8337
2.4235
2.8011
3.7185
3.5848
4.0674
3.9158
2.9973
3.6624
4.5493
2.6355
4.2629
3.4370
2.0493
2.4988
4.1506
3.2440
4.5015
3.5272
2.6012
2.5118
4.1777
3.3632
3.7401
1.8137
2.7362
3.6192
1.8019
3.9421
4.2831
2.1398
3.5792
4.0388
4.4293
4.3881
2.8279
3.3843
4.1986
3.7750
3.9557
3.2021
3.5305
2.1547
3.4581
3.3582
3.7171
3.9987
4.2977
5.3534
2.6228
3.9337
3.5906
4.5895
2.2992
3.7206
4.0476
3.5503
3.1255
3.1548
4.1625
3.3478
2.8528
3.8113
3.3284
4.9074
3.0941
4.3055
3.5290
2.8380
3.0167
3.0625
3.8186
3.2001
1.6623
3.2235
3.8216
3.1422
3.2140
3.6998
3.7046
4.6482
3.8189
3.8635
3.7916
3.9376
1.5983
2.5487
3.5542
4.4453
4.0041
4.2816
3.8531
3.9981
4.6660
3.7173
4.0790
3.0234
2.8595
3.4493
3.1342
3.4241
3.7398
3.3252
1.2685
3.8311
3.5086
3.8358
2.5568
3.6863
3.7204
3.1245
3.1197
4.5241
3.5953
3.7446
3.6343
3.5311
4.7021
2.1489
3.3424
3.0996
3.7700
3.2271
4.2673
3.1067
4.3921
3.4145
3.8445
3.7453
2.3060
4.2132
4.1531
4.6221
2.6586
3.4522
3.4640
3.9873
3.3944
3.8714
4.0071
4.2805
3.9150
3.9826
3.2088
2.0397
4.4578
4.4868
1.7365
3.1381
3.9725
3.8833
3.1767
2.4930
4.6819
4.7063
4.1821
3.9661
4.0268
5.1251
3.5713
3.7049
3.5277
3.1191
3.6472
3.7850
3.1532
2.8252
3.9843
3.7074
1.3170
2.3729
3.2883
3.9752
4.8879
4.6175
3.4669
3.5742
4.4539
3.6752
4.4850
4.6903
4.3501
4.2056
2.9344
2.9440
5.0683
3.1793
3.8518
2.7322
3.7233
5.1779
3.5027
3.1580
4.5577
2.8917
3.0810
3.4487
3.1539
4.2818
3.6511
4.1610
2.3634
4.3904
3.3929
3.4807
3.2327
4.6946
3.2295
3.3689
3.3791
3.4073
4.6681
3.0285
4.1410
3.9548
4.1755
4.0278
2.8494
3.0247
3.4679
2.5150
4.3076
3.1183
2.9625
3.0365
3.2589
3.9792
3.1936
3.4910
4.1626
4.5006
4.1861
3.7976
4.4436
4.1228
2.8913
4.1307
3.4394
4.4622
3.2006
0.9376
4.4598
3.4381
4.1611
3.8492
3.7324
3.7207
4.1598
3.3421
3.0034
4.1050
3.3740
3.3012
4.6485
3.8287
3.3804
3.1804
2.5759
4.1962
3.6879
3.7280
4.5352
1.2378
3.6430
3.5279
4.0077
4.5925
5.0737
3.0914
3.4669
2.7352
3.0503
3.3982
3.2033
4.0178
4.0108
2.6805
3.7296
4.3537
3.8078
4.1944
3.9638
3.9195
2.4432
2.6197
4.8700
3.8988
3.7061
4.0540
3.1789
3.3893
2.8096
3.4851
5.0499
2.3092
3.2547
2.9381
3.9881
3.0120
3.5247
4.4149
4.9817
3.4965
3.7725
3.4327
4.0030
4.5286
4.5735
3.8864
4.5453
3.1179
4.6076
2.1365
3.1298
2.0932
3.4569
3.5993
4.6326
3.5751
3.3866
4.0171
2.9814
5.0451
4.1656
2.7611
4.8179
3.8906
3.4070
3.9596
3.6491
4.4740
4.0529
2.1901
4.2162
3.8039
3.8969
2.8898
3.6162
3.9346
3.4229
4.6201
3.7346
3.6301
0.9724
3.5704
2.7778
5.0523
4.3439
4.5939
2.7241
4.0404
3.3209
2.5098
3.8533
4.5557
4.3432
3.0981
3.1760
4.0220
3.7677
3.0365
3.9331
4.5452
4.0748
3.9506
2.4815
2.5945
3.2054
4.0206
2.8982
3.8806
3.6090
3.9437
3.8727
4.1240
4.6047
3.9063
4.8497
4.2148
4.3623
3.9553
3.5076
2.5250
3.7461
3.9257
4.8164
4.9487
3.6758
4.3477
3.1687
4.0526
3.1352
4.0724
2.6503
2.7091
3.8400
1.3591
3.8042
4.1561
4.7352
3.4835
3.5242
3.8350
3.1505
2.0409
4.4405
4.7586
3.7978
3.0860
3.5729
3.5456
4.4845
3.5023
3.2028
4.1069
3.6335
4.5837
1.8328
3.1109
3.3354
5.3572
3.1417
3.1176
3.5934
4.3775
4.4914
2.7659
3.1103
3.1262
3.1827
2.5594
3.4813
2.9456
3.8929
3.9969
4.3472
3.7295
3.9504
2.6714
3.1360
3.6464
4.5454
4.2858
3.1091
4.3615
3.3770
4.3818
3.7009
3.7895
4.1432
4.7145
2.7447
3.2876
4.4885
3.3569
4.5380
4.2688
3.5396
2.6634
4.3540
3.9275
3.3269
4.4020
4.1236
3.5254
4.7715
3.4293
3.4345
3.7063
3.3743
3.9626
3.5571
4.2407
4.7854
4.6445
3.3572
3.8539
3.4900
3.4904
2.4545
2.7921
4.7754
3.5202
3.9960
3.6590
3.7680
3.7803
0.9556
3.5972
3.7802
1.4587
3.2095
2.0891
3.3009
1.2876
3.3877
3.5897
4.7513
3.9038
3.7536
3.7933
2.6765
3.5361
3.7110
4.7755
4.7708
3.7353
4.4185
3.4820
3.7102
4.1209
3.3584
4.4283
1.3727
3.8775
3.1331
2.2887
3.2565
3.8604
3.4460
1.8190
2.3642
3.7928
3.7384
4.1241
2.6538
3.6516
4.2309
3.2505
3.6140
3.2560
3.1081
3.2069
4.7134
4.8577
2.9621
4.2844
3.9055
4.1566
3.2437
2.4823
4.9724
3.0344
3.8836
2.7278
3.1839
3.9767
4.3965
2.9649
3.3045
2.4670
2.9963
3.3972
2.9700
3.2457
3.4361
3.6058
1.8318
4.3546
3.3867
3.1749
2.9858
4.1289
3.0741
3.6408
3.9989
5.4178
2.7963
4.2196
3.0358
3.5055
4.0577
2.9412
2.7531
3.5424
4.1859
4.3758
4.4253
2.9135
3.3628
3.6453
3.0627
3.6559
3.2863
3.8153
3.6631
4.6367
4.8728
4.4235
4.8565
3.1625
3.1868
3.8622
4.4622
3.5140
4.1417
3.3827
2.6936
3.1955
1.9910
4.3892
3.3917
4.1520
3.2680
3.5790
3.8483
3.1621
1.4187
4.1513
4.2785
4.0543
2.1427
3.5876
4.2015
3.7285
4.1125
2.9532
4.2331
2.1080
5.1145
4.2075
2.7939
4.4378
4.0255
3.8782
4.4988
5.0832
4.0679
3.5250
4.1450
3.8467
2.9650
1.8284
2.9465
2.5041
3.2969
2.6870
4.6308
1.8127
3.5092
3.2008
3.2307
5.2466
4.5236
4.7448
4.4956
3.8232
0.9629
2.8927
2.9874
3.3263
3.3247
3.5462
4.0978
2.7809
4.0549
5.0806
4.4804
4.6571
4.2481
3.6373
4.5637
3.5172
3.4177
4.0503
4.0241
4.0484
3.2560
1.3440
4.2733
4.4053
2.2198
3.5033
3.9583
1.8468
3.4440
4.1863
4.1593
4.8338
4.2294
2.8318
2.4830
3.5429
2.9695
3.5845
2.5479
3.7494
3.6654
2.8568
4.8669
3.9774
3.1032
1.6078
2.9507
3.0945
4.2294
4.2783
3.6964
3.4323
2.2955
2.7079
2.0959
3.4581
2.0708
4.0678
3.0079
3.5692
3.7041
3.5937
3.3749
3.5999
3.9165
3.5322
3.2991
3.8073
4.2331
4.9402
4.1569
0.8963
4.2838
2.4840
2.8364
2.7320
4.5848
3.4104
2.6713
3.8910
3.4721
3.2023
3.4301
4.3230
3.3834
3.9167
2.4567
3.5601
3.7583
3.7438
2.4573
4.0569
5.2008
3.6197
4.5899
2.9984
3.4734
3.6113
3.9572
3.5508
3.0719
4.8105
4.0964
4.6363
3.1005
2.9429
3.9369
3.4606
4.7349
3.7738
1.5174
4.5783
4.3257
3.1473
4.2918
4.7401
4.2168
3.5433
4.0571
3.4726
3.3221
3.2429
3.2451
3.6862
3.7039
4.6022
3.0838
2.5514
2.5042
3.0033
3.1375
2.4746
2.9876
4.3515
4.6554
4.9708
4.2896
3.7127
3.8904
3.7918
2.8533
4.8527
2.5571
4.8924
4.2202
3.5417
3.4449
3.7589
2.4680
3.6513
2.0196
4.0985
2.5833
3.1899
4.8049
3.0208
2.9927
3.6277
3.3169
2.6811
4.4557
3.6693
3.7690
3.1901
3.7631
2.4108
4.9344
2.6719
2.0329
3.8744
4.0049
3.0014
5.0455
3.2385
2.0104
3.4180
3.6101
2.2561
3.1123
4.9871
2.6985
3.9613
4.0736
2.8557
3.9657
3.4570
2.5981
2.7305
2.9415
3.7584
3.9979
3.8441
4.0314
3.4392
3.8094
3.6080
4.5366
3.6832
3.4037
4.3377
4.3883
2.4594
3.9897
3.3453
4.2742
1.3638
2.9888
3.4565
1.3644
3.5143
3.1490
2.7831
4.6057
3.2923
4.0996
4.5899
3.9906
3.2388
4.2544
4.8276
3.0683
4.8007
4.5199
3.4765
4.6451
4.3205
3.6235
3.7779
3.4694
3.6543
4.0513
3.6085
2.2031
3.0837
3.8532
3.7508
3.5953
4.4176
3.4792
4.0586
3.5619
2.9274
4.2672
3.6336
2.8129
3.5448
2.9597
3.5740
3.6246
4.0069
3.3668
4.2896
2.6980
3.9197
1.6057
2.0764
3.7158
3.4519
2.3747
3.5790
3.1006
3.4893
3.4326
3.1393
3.5390
4.0742
4.3972
2.4834
4.8375
3.7703
3.2582
4.1881
4.3175
3.5970
3.4651
3.2731
3.1329
1.9832
2.7172
3.3500
3.4849
4.0947
4.2724
3.6748
3.2421
4.1204
3.3913
2.8707
3.3764
4.6794
4.0529
4.2103
2.9161
3.0934
2.9014
3.3951
4.0060
3.2375
2.9599
5.3934
2.2870
4.8724
4.0988
3.2317
3.3353
4.3959
4.6114
3.5598
4.0648
3.7389
5.4513
2.8475
3.3339
4.2228
2.3019
3.4877
4.0937
3.1793
3.8972
3.7331
4.0033
4.9593
3.9064
4.0625
3.3697
3.7413
2.9548
3.2578
4.5008
3.3958
3.5334
4.1165
3.5418
3.7402
4.5810
3.5110
3.4251
3.1394
3.3565
3.2588
5.0635
2.7431
3.9907
4.5600
3.9871
3.6386
3.3040
3.9692
1.8571
2.7604
2.7545
2.7859
3.5407
3.4318
1.5180
2.8836
4.1676
3.0454
4.6241
2.7873
3.3849
4.2151
3.7085
3.9396
2.2450
3.8207
2.8759
4.6941
3.7611
3.1848
3.4173
4.7756
3.4719
4.6349
2.4063
4.4120
1.7607
2.2870
4.5216
3.1079
5.3516
3.4858
2.8009
3.8165
3.8857
2.7147
3.6557
4.2030
3.2883
2.7418
3.6317
3.9283
4.2342
3.4536
4.5763
3.3401
3.7277
4.5267
4.3038
2.4445
3.4669
3.0580
3.4137
3.2017
3.5777
4.0356
5.2736
4.0154
4.0692
4.0785
2.9662
3.4507
4.6714
3.2321
3.3371
4.3818
3.2863
2.4372
4.4505
3.8560
3.7371
3.6741
3.3245
4.2294
2.6621
4.4577
3.3959
4.0972
3.1966
3.6281
3.3986
2.4761
3.3840
2.9878
3.4347
2.5668
3.9944
4.4520
3.0794
3.7580
2.5689
1.9564
4.5027
3.5142
3.1858
4.3256
4.1098
0.8482
4.2817
2.8896
3.2819
2.0060
2.2457
1.8804
3.9422
2.9398
4.1707
4.2961
3.1916
4.1183
3.7032
1.4253
3.9943
3.0013
3.8761
3.1417
3.7314
2.3087
4.0014
4.3614
4.1661
4.0522
3.6219
2.0119
3.4489
3.1107
4.4765
3.4907
3.3057
3.9257
3.9930
3.9517
2.5025
0.9761
3.2693
3.4404
2.5672
3.4796
4.2330
3.7810
2.7671
4.1135
4.2689
2.4007
4.5322
3.9182
3.0093
3.6945
3.2475
4.3612
3.2250
3.9853
3.7872
2.7690
4.2799
3.5438
3.1859
3.8648
2.9173
3.5105
3.9065
4.2294
3.6176
4.9408
3.9577
3.6000
4.3582
2.4897
2.7728
3.0237
4.0627
3.5472
4.4244
4.2117
3.7211
3.5862
3.3531
4.0092
2.6928
3.7986
4.4167
4.0215
3.7292
3.2773
2.0588
2.5142
2.9948
3.1741
4.9496
3.8170
3.2614
4.2403
4.4921
4.4580
2.3486
3.7074
2.5905
3.5609
3.2887
3.5153
3.3786
2.6330
2.0708
4.2694
2.7510
4.5803
3.9976
3.0722
4.0249
2.4713
5.6377
3.8864
3.8813
3.3074
4.6542
3.3469
4.1461
4.4221
5.0427
4.1457
3.7595
3.4329
4.2475
3.6028
2.7026
3.7785
3.0538
3.4997
5.1536
4.1489
3.9092
3.9467
2.7535
4.1933
4.2962
4.1288
4.8430
3.9214
3.4051
3.3435
2.3852
2.9293
2.6358
3.3573
3.8436
0.9435
4.0509
2.7587
3.0061
4.0207
4.1470
2.4331
2.7535
4.3586
4.4393
3.6582
3.6773
3.6287
3.7783
4.0519
4.3289
3.8178
2.0775
3.7542
3.3577
3.6702
4.2020
2.7871
3.7731
3.4370
3.8102
4.3196
2.9764
4.7270
3.6541
2.1056
3.5006
3.4936
1.4348
3.8449
4.4902
4.1536
3.6041
3.2642
3.5065
3.8897
4.0434
3.6884
3.4450
2.7840
4.4538
4.6300
3.7987
3.4138
4.2491
3.9802
3.4397
3.3467
3.9580
4.2474
5.5778
3.1854
3.2466
3.6081
3.4078
2.7669
3.0854
2.3406
4.0225
2.4625
3.6786
3.2314
3.5080
2.8108
4.0832
3.3232
3.5200
5.3344
4.1079
3.4903
4.5275
3.6032
4.6726
4.6079
4.0962
4.6735
4.4237
4.5848
2.9611
4.1925
4.7961
3.7636
4.7303
3.4256
3.0387
4.1321
3.0301
2.2244
4.3376
3.8278
4.5108
4.4755
3.1722
3.0584
3.8724
2.7463
3.3639
1.3991
4.2667
2.5294
4.2425
2.8325
3.4880
3.9391
4.1553
3.6807
3.4561
4.0612
4.9962
1.8599
2.7912
4.6975
2.5882
3.1275
2.9022
5.0426
4.3290
3.1348
4.1864
4.2809
2.7674
3.9659
3.7286
2.9091
2.8202
3.5698
3.0068
3.3606
4.0027
5.2061
5.0395
3.9307
3.3912
4.0760
3.9674
3.7893
4.2984
1.4040
4.5130
4.2633
4.3932
3.2832
3.8680
3.5296
4.1227
2.9434
2.1307
4.0275
2.6537
3.8226
3.6720
3.2806
3.2077
4.2298
4.2809
3.7588
1.5132
2.9402
2.3001
3.4417
3.8155
3.2761
4.2320
4.0349
4.0142
3.2533
1.2271
4.4941
2.0244
2.5668
3.6733
2.2582
3.1469
3.4708
4.5575
3.1775
4.3081
3.3392
2.9899
4.5625
3.4479
3.4092
3.7716
2.7423
2.7256
4.1893
4.2809
3.6129
5.1599
4.1846
4.4714
4.2125
4.0610
3.4910
3.6956
4.2785
3.8151
3.4815
3.4352
3.6337
3.6215
2.7467
3.9424
3.2099
5.1350
3.2451
3.3920
4.8051
4.3847
3.3585
3.5534
4.3998
3.9918
3.6386
3.7025
3.9130
3.7756
3.7562
3.8267
3.8489
4.7546
2.7814
3.5170
3.4236
3.8456
2.8643
4.2072
3.6007
3.1619
3.6586
4.0241
4.3942
3.3372
4.9197
2.1982
2.9855
4.5940
1.0247
3.1007
1.9646
2.1229
3.8541
3.3891
2.9753
3.9608
3.3984
3.8706
3.7085
3.8049
3.1034
3.5395
4.1925
2.6899
3.1254
2.9631
2.6444
3.5554
2.5295
2.2477
2.2898
3.6059
4.2233
4.2909
2.7193
1.6094
1.0866
3.7363
3.7358
2.3479
3.7218
3.7920
4.9592
5.0624
3.1581
3.1989
3.5103
3.6816
3.8656
2.7609
1.8523
3.1667
3.7329
3.5671
2.6712
2.6310
1.8288
3.7139
4.7032
4.3217
3.2090
3.9606
3.3201
3.2247
3.0892
3.4498
2.8073
3.4439
2.4559
3.2453
3.7567
3.8900
4.0505
3.3397
1.5560
2.6346
4.5938
4.3058
4.7675
4.0086
4.1803
3.4022
4.2975
3.7770
3.5167
3.1746
2.4114
4.3095
3.6527
4.8222
3.5233
3.8209
2.8119
2.7310
2.9894
3.4438
3.8331
3.7284
3.0917
2.9264
3.5891
3.5690
2.6949
2.0146
4.1291
4.2983
4.4453
3.3957
2.6114
3.6253
3.4001
4.1807
3.7482
3.1449
5.2249
2.1545
3.1351
3.0705
4.0060
1.8251
4.0465
1.8161
4.4278
3.8674
1.5558
3.9971
3.6758
4.9534
3.3706
3.9270
3.9067
3.9957
4.3857
2.6257
4.5585
3.1769
3.5935
3.4357
3.7047
2.5614
4.6660
4.3333
4.4349
4.4094
2.9217
4.2337
3.5085
4.5493
1.4241
3.7589
3.2869
4.9595
4.5296
2.9257
2.8266
3.4129
3.7463
2.4493
3.6683
3.6655
4.4844
4.6349
4.5508
3.2723
3.6944
3.6026
4.5213
2.5660
4.2308
4.2716
3.5429
4.8891
4.3624
4.0036
4.5763
4.0134
2.9242
2.6563
3.5758
3.4081
3.8933
2.7081
4.3822
1.4187
3.0371
4.8429
3.7640
4.3058
3.4701
4.7386
2.8316
3.1076
4.2037
4.1619
3.1391
3.4881
4.1926
4.0692
2.3296
3.8543
3.8524
3.9583
3.1530
3.7375
3.5245
4.1791
3.3084
3.9856
2.5171
2.6228
4.1708
3.1147
3.3408
3.9062
4.6120
3.7125
4.3308
3.7328
3.0020
2.7118
3.8701
4.0857
4.1892
3.8849
2.6911
3.2587
3.4467
2.8672
3.7959
3.4279
2.8336
3.8996
2.7542
4.0330
4.1195
2.2349
3.9074
4.3476
3.4955
4.0165
3.2341
2.2643
3.4759
2.9408
4.4609
2.7463
3.5718
3.3917
3.1229
2.8149
4.8238
3.3326
3.8069
3.8527
3.0851
3.8381
3.4364
3.2251
3.9638
3.0017
1.2915
4.0595
4.3596
4.0781
3.5524
3.9478
2.6030
3.9461
2.3422
3.5665
3.9005
3.7978
4.2553
2.3684
4.2176
4.2946
3.7076
3.4640
2.5720
2.9227
4.6283
4.1776
4.1757
2.8658
3.5757
2.8191
3.4277
2.9336
3.2698
3.3987
3.5934
3.2582
3.2574
4.1543
3.2570
3.2840
4.8682
3.3917
2.6968
2.5533
4.1822
4.7979
3.5385
3.1485
4.7262
2.2034
3.6842
4.5492
2.5950
4.4800
3.0280
3.5517
2.9107
3.5611
3.4841
3.9218
1.6120
4.2468
3.9953
3.8161
3.7194
4.7016
3.9742
3.9592
2.2692
2.2584
3.5462
3.7777
3.0189
2.7764
5.0607
2.8870
4.3265
2.7407
4.2845
3.6316
2.6713
4.5663
4.6987
3.7828
3.5230
4.1684
3.8375
4.9570
3.6955
3.7567
4.3335
4.4895
4.5044
3.8135
3.3821
4.2046
4.0245
3.4877
2.5489
1.3238
3.6933
4.2087
3.4033
2.4519
2.6085
4.3056
3.4416
2.5965
2.9440
4.9613
3.7143
3.3606
2.8918
2.9902
4.1321
4.1799
2.4719
3.3235
3.9007
3.4793
4.3966
3.6664
3.6390
2.7565
4.1571
3.7787
3.8786
5.0989
3.3220
3.2683
3.3631
3.8081
2.8777
3.1623
4.6102
2.7599
3.2417
4.3464
3.7558
3.8050
3.5960
4.7257
4.3556
2.9015
4.7886
3.7251
3.2807
2.6080
3.5532
2.7582
4.7912
4.2324
4.6056
4.9949
3.0879
3.3039
2.7548
4.1718
3.8435
4.5142
4.8862
3.5997
3.7543
2.9219
4.1461
5.0550
4.6450
4.7261
3.1704
3.7259
2.8435
3.3141
3.5883
4.7622
3.8530
4.2610
3.3624
3.9165
2.0488
4.5540
3.8067
5.1134
3.0460
1.9684
1.8251
3.5911
4.2895
4.9220
3.7182
3.5942
4.4208
3.5623
2.5165
4.4181
4.0188
2.8632
3.5872
2.4746
4.1270
3.0885
5.1533
3.9706
4.3842
3.7631
2.7651
4.4705
3.4401
3.2608
4.1733
4.2760
3.1005
3.8539
3.8540
3.2252
2.8030
2.9889
3.4074
4.4921
3.0406
4.6331
3.8229
2.9165
3.8488
2.8441
5.1113
2.9607
3.3554
3.5696
3.2795
4.7355
2.8391
3.9299
4.6970
2.1526
3.2590
4.0304
3.6793
3.9732
3.9444
5.0378
2.5173
2.8640
3.3717
2.7669
2.9258
3.2661
4.0341
3.5173
3.5457
2.9087
3.8442
3.2198
3.5104
4.3079
3.0724
3.7603
2.2475
4.0461
3.4216
4.8194
3.3480
3.5206
3.2490
3.5930
4.6293
4.3613
2.4842
3.5491
2.3217
3.4341
3.7575
4.2677
1.7522
3.9233
3.5840
4.2749
2.6378
3.1938
2.7925
4.1080
3.4364
3.4550
3.8469
3.2086
4.4148
3.3908
2.5060
3.2176
1.5428
4.1439
3.0615
4.1003
4.0462
4.6503
3.6942
3.7356
1.8902
2.5014
3.6391
4.4929
3.0699
3.3638
3.8885
2.8857
1.6883
3.4929
5.2138
3.6784
1.9979
3.6206
3.7495
2.7870
3.8409
2.7313
3.6578
3.7089
3.8457
3.9144
4.0016
3.7910
3.5637
3.9230
2.9912
4.4373
4.7611
2.3762
4.1090
2.7033
4.7913
3.3581
2.8801
4.2117
3.8100
3.9771
5.0620
3.2153
2.3326
3.1704
4.0765
2.8805
4.8025
2.5609
4.3811
4.9091
3.1001
3.7828
4.1683
4.5137
3.3005
2.8232
3.9708
2.9372
3.7815
4.3142
2.9006
3.8299
2.8407
4.1693
2.9963
4.6195
4.1173
4.0206
2.9712
3.4724
3.7819
3.6396
3.3964
2.9454
2.3414
3.4609
2.2996
3.2169
3.0298
3.2075
5.0573
4.0762
4.9546
3.8520
3.2405
4.1739
1.7876
3.6888
3.6220
2.1200
4.1985
3.6009
4.1998
4.4724
3.8892
4.2272
3.4701
3.1078
4.5047
4.0848
4.8092
3.6729
1.7313
2.9875
4.2351
4.0258
4.0535
2.6112
3.0257
2.9823
4.3364
3.7888
4.9246
5.1858
3.0209
2.8539
2.4600
3.0570
3.9331
4.4006
3.6449
4.0850
2.2236
2.5997
2.2120
4.7401
3.2811
4.5338
3.6715
3.0026
4.0307
2.9537
3.9500
4.3657
3.1904
3.1553
4.4773
3.8481
3.9082
4.0527
2.3693
3.4502
4.2891
3.6819
3.7534
3.9051
4.1666
3.8813
3.1525
3.4192
2.8760
4.4841
4.1093
3.1851
3.9817
3.4282
4.1722
3.8210
2.9736
3.4941
4.2167
3.2672
3.6549
2.1267
4.8530
3.8530
3.8351
3.8893
4.1214
3.9050
4.0332
2.7052
4.9382
3.5346
3.7538
3.6297
2.9145
3.2767
4.6950
4.8909
4.5219
4.2142
3.8368
3.3431
4.1999
4.1741
3.5023
4.2364
2.3760
3.9905
5.1971
3.6057
2.2296
3.2301
3.9866
2.3869
4.4318
3.6729
1.5925
4.3533
4.5459
3.7044
3.2041
3.0600
3.8268
4.2210
2.8607
3.7837
1.3703
2.9858
1.5776
3.8476
3.1528
2.7407
4.6810
4.9242
3.9015
4.4632
2.7551
4.4784
3.4165
3.3395
1.3402
3.0371
3.5927
2.7246
3.0221
4.0272
3.8027
4.2023
4.6174
3.8959
2.6820
3.4980
4.6672
4.5027
3.8014
3.0031
3.5062
3.6482
4.2230
2.2438
3.6064
3.4809
3.5782
3.4768
3.9142
2.2472
3.7722
4.6506
3.8938
2.9139
2.5487
4.2421
3.1967
4.1749
3.5094
3.8803
2.1708
4.3841
4.0319
3.8131
3.5797
4.0670
2.8501
3.7418
4.2359
2.2620
4.9600
2.9561
3.6648
3.6148
3.0304
4.2328
3.7164
4.9020
2.5578
1.7804
2.5657
3.4406
3.1709
4.5924
2.6927
3.8930
3.2467
3.2232
3.9074
3.4595
5.2922
4.0483
3.7535
4.0215
3.3408
2.8590
3.5141
3.2293
4.4530
4.3173
4.4175
2.8458
1.0300
3.5199
4.3214
3.9190
3.8993
1.9167
3.4880
2.8896
3.2878
3.4433
4.8892
3.1981
4.1678
4.2107
3.4085
3.5102
3.7632
2.1873
3.1560
4.0967
3.0136
3.0842
3.7278
3.4293
3.2005
4.5582
3.7623
3.3384
4.2172
4.1852
3.2641
3.5713
3.3913
3.9874
2.1671
3.1525
3.4257
2.8044
3.0423
1.6096
4.0183
2.9607
3.5916
4.5159
4.4672
3.4970
3.5411
4.2641
2.1649
4.1110
4.1005
3.1531
4.2900
3.6091
2.9611
3.0556
4.5476
3.3426
4.4225
4.3357
4.6840
3.7649
2.8402
3.9653
3.3735
4.0418
3.5315
4.0596
4.5515
3.8893
4.0448
2.7947
3.0521
3.9942
4.1998
4.2699
2.4300
3.7712
3.5666
3.5013
4.2932
4.1746
3.0587
2.5212
2.7253
3.4123
3.2594
3.0913
3.9532
3.7819
2.6948
3.5831
4.0875
3.3771
4.9438
4.7249
3.4132
4.3021
1.9895
1.7089
4.0848
3.2434
3.5618
4.5650
3.3179
3.6660
3.4757
3.8804
3.5661
3.3437
2.4964
4.6627
3.4548
3.4598
3.4689
2.7901
3.9444
3.0288
4.9728
4.1536
4.3686
2.4068
3.5753
4.6180
3.2468
3.9910
4.4617
3.0508
4.2419
3.3677
3.9150
2.7745
2.8864
3.5304
4.5038
4.8480
2.5946
4.1409
3.6019
3.7677
1.9168
3.7162
2.3960
3.4434
3.4306
1.8087
4.3981
4.0892
3.9765
3.5575
3.5156
3.6143
3.9857
4.2507
2.5296
3.5008
3.2484
4.4300
3.6451
5.4378
2.6991
1.2637
2.9437
4.3249
2.2267
3.0985
2.5672
3.2001
4.0550
3.0965
4.5992
2.8316
4.2810
2.6488
2.7012
3.1729
4.5813
4.0725
4.2614
2.9762
2.9318
3.6498
4.4104
3.5804
3.1258
2.9300
4.5838
3.6869
4.6792
3.7834
3.5710
2.6610
3.8166
4.2680
3.3868
3.3584
3.6391
3.9532
3.3142
4.4436
4.3798
4.1527
4.1648
3.0292
4.3061
4.3798
3.6106
4.3937
3.3322
3.7453
3.7744
3.5189
2.1098
3.3801
3.2472
3.7130
3.5912
3.8329
3.5842
3.6535
4.4859
4.9625
4.0701
3.0022
4.1475
3.2479
2.4092
4.4160
3.2954
3.7521
3.8419
3.1321
4.5117
2.7471
4.0281
3.7125
3.4612
3.1433
3.2802
3.4637
3.5027
3.1535
3.2439
3.6978
3.4273
2.9962
3.8646
4.5064
3.5694
2.3122
3.8615
3.9884
4.0766
2.5475
3.6328
2.0407
3.9908
4.8582
3.0047
2.9757
3.5889
4.6389
3.8939
3.0929
4.2636
3.8977
3.4510
4.0328
2.7690
1.0874
3.8232
4.0280
4.2761
2.8503
3.5206
3.3447
2.7145
3.9075
4.1603
5.0364
4.7030
3.7939
2.8243
2.5517
3.4855
4.0268
2.7075
4.8361
3.6982
3.7798
2.5698
3.1334
3.1442
3.3187
3.4500
1.3134
1.0095
2.0616
4.6318
2.0724
1.4095
4.7517
4.2509
3.7686
1.3007
0.9986
4.1288
1.2308
2.6257
3.8198
3.2600
4.1081
4.6285
3.2663
4.0823
4.5691
4.3501
3.8794
2.6261
5.1718
2.4634
3.0143
3.4648
4.0249
4.4428
3.8231
4.1424
4.1043
3.7489
3.3797
3.8476
5.1696
3.2412
4.3478
3.1463
3.9295
2.7269
4.0822
3.0377
3.3324
4.0966
2.8767
3.9973
4.0228
2.3042
4.6325
4.3647
3.6941
3.3564
4.7982
3.7474
2.4310
3.6640
3.9394
3.2016
4.5342
3.5108
4.2337
4.1096
3.4000
3.9357
3.6965
3.7699
3.4201
3.7881
4.0917
3.2940
4.4630
1.3625
3.3242
2.1849
3.3320
3.5556
4.1139
3.9335
3.1429
4.1905
3.8683
4.2720
2.7710
4.8950
4.5733
2.9696
2.9877
2.5923
4.1641
3.7436
3.5899
3.4449
3.4243
3.6442
3.8221
3.1802
3.9369
1.9331
4.6200
3.5947
2.6435
3.9170
4.5369
2.8531
3.4073
3.3906
3.1950
4.1938
2.7373
4.6457
4.0622
3.7715
3.8114
2.8062
3.3289
3.5820
3.6153
3.6759
3.1464
2.3009
3.2205
2.3226
3.9790
3.8580
3.1068
3.2426
3.2619
2.7892
3.5075
4.4704
4.0994
3.5958
3.8639
3.2088
1.3516
2.0011
3.2808
4.1810
2.9552
3.9658
2.5242
3.6988
4.4881
3.5884
3.8571
3.5038
4.5217
2.3201
3.5833
2.6802
4.1804
2.9862
3.5760
3.0923
3.6163
3.2593
3.4472
3.2854
3.8660
3.8200
3.8824
3.9437
3.9453
2.8317
2.5795
2.7537
3.5197
2.9493
1.1095
4.4879
3.8415
2.5389
3.0930
3.8584
3.6424
4.5422
1.6994
3.6503
4.5139
4.2080
3.7845
4.1400
3.8479
3.6647
4.1419
2.8853
4.2553
3.7792
4.4618
5.6197
1.6321
3.7403
4.1473
3.4359
3.6389
3.6088
3.9308
4.4524
3.0542
3.6662
2.7164
4.9012
3.4565
2.3632
3.1019
3.2681
3.9345
3.7826
3.6450
3.1372
4.4605
1.4530
3.4652
4.0253
4.2522
3.8780
4.0497
3.7591
3.0732
4.1566
3.5005
4.0628
2.9331
4.8792
3.4401
2.7625
2.9680
3.1800
3.9752
3.0379
3.6035
4.0246
2.7096
4.0099
3.6069
2.9450
4.4013
3.0401
3.7446
3.8682
2.7495
3.4336
1.7803
4.0048
4.7677
3.7735
2.5851
3.2744
2.4227
2.7603
3.0502
4.1530
4.4826
4.3104
2.7232
3.5043
4.2160
2.5702
4.0218
1.5709
4.3008
3.6039
2.3778
3.4706
2.6772
4.2465
3.9296
3.5990
2.8354
2.3508
2.6865
2.7743
3.5878
4.6707
2.0728
4.3443
2.3695
2.8059
2.7834
5.0164
1.2249
3.7335
3.1349
2.9232
2.4846
3.8837
4.0382
2.9800
4.8725
3.4498
4.9336
3.7191
3.4486
3.1753
4.5644
3.8421
2.6628
3.9945
3.0314
3.9186
4.2374
2.8632
4.0224
4.0968
3.3308
4.1825
3.7264
3.8321
4.9624
3.9902
2.7880
4.7031
3.0002
5.0578
4.3754
2.9291
3.3207
1.0043
2.7058
3.1608
2.9845
3.5958
3.0910
3.9058
3.4669
3.7802
0.8987
3.2689
3.1710
3.3737
5.0173
4.2408
4.7090
3.3839
2.4772
4.3772
3.8281
2.5947
3.4113
2.9434
3.7740
4.4421
3.2498
3.8344
3.6324
3.0877
3.1234
3.7760
2.6319
2.8475
3.3618
4.3204
4.6950
3.2147
4.3083
3.3170
1.1777
4.0733
3.1127
3.0830
4.4671
2.3784
4.2843
4.4426
4.4211
3.6056
3.6913
3.5989
3.3972
3.2954
4.6571
3.2658
3.1304
3.0214
2.6789
3.7237
3.9018
4.2623
2.7517
3.2519
5.0279
3.7321
5.1382
4.3776
5.2419
3.2301
4.9266
4.1915
4.4267
2.6027
3.6159
3.9946
4.7595
3.2299
3.4889
2.2927
4.6329
4.6045
4.7535
1.8155
3.2591
3.9208
0.7925
4.5858
4.0514
3.7469
3.7919
0.9412
4.5199
4.1667
2.7024
3.5163
0.9619
3.9083
3.4197
2.5810
3.6197
4.1805
4.7738
4.4745
4.1402
5.4884
3.2506
1.2681
1.9063
4.1593
2.3142
4.5953
5.0450
2.4790
4.0045
3.5108
3.1764
3.5279
3.8135
4.4878
4.0035
3.6066
4.3678
3.0166
3.1780
2.9307
3.3341
4.9650
3.2699
2.8939
3.6388
4.1168
3.8261
2.7439
2.7007
3.8434
1.6452
1.5439
3.9195
2.8230
3.6326
3.2539
3.5238
2.5638
3.4192
2.7176
3.3452
4.3703
4.4700
4.1003
3.9129
2.9181
3.7749
3.6043
3.1616
4.1561
2.6018
3.0453
3.6493
2.5786
4.5416
3.9751
3.5773
2.9918
2.5206
4.6139
3.2710
4.2591
4.1595
3.3122
3.5529
2.6495
3.6538
4.2026
4.1261
3.9580
3.8856
4.0850
2.8723
3.3806
4.8832
2.4015
2.7544
3.8446
3.7885
3.3764
3.6735
3.0371
3.9836
2.5456
3.3267
3.7536
0.9601
3.2564
2.8410
3.9134
3.6086
5.0224
4.2771
4.6669
3.4950
4.3374
4.4390
2.9468
3.2795
4.5135
3.3678
3.9503
3.5638
4.7897
4.1766
3.1450
4.0827
2.6681
4.4986
3.4674
2.9186
4.3249
4.1093
3.2526
4.0939
3.9156
3.6929
3.0017
4.4480
4.3408
3.3724
4.2849
4.0000
3.2514
3.0887
3.8916
1.1645
1.7168
5.1681
3.0000
3.9847
3.7766
3.3148
3.6990
1.8716
4.4819
3.9036
4.6398
3.0185
3.4503
3.4348
4.4048
3.1824
4.1685
4.4369
2.8477
3.7449
2.6473
3.1374
2.2870
3.7686
2.6070
3.5455
3.0056
3.2711
2.3708
2.7834
1.9806
3.7211
3.6109
3.3351
4.4092
3.4700
4.0082
1.5927
5.2057
2.5238
4.1680
2.9647
3.3862
3.7324
3.7872
2.3266
3.4048
3.2018
3.8545
5.1876
3.2831
2.3995
4.0037
3.3948
3.5028
3.8231
3.0123
4.3884
2.8785
3.0306
3.8471
3.3864
4.3501
2.5688
4.3042
1.8699
2.3432
3.0838
3.2187
3.7782
3.3956
3.5135
4.5912
3.7548
3.4335
1.0521
2.8101
4.0122
4.4916
4.6183
3.4982
3.3886
3.4413
3.0190
2.9738
1.8338
3.4441
2.2902
2.7291
3.0318
3.0045
0.9594
3.2086
1.4241
3.2552
3.5537
3.9601
2.9165
2.1009
5.1529
4.9025
2.6972
3.8117
1.7248
3.6484
4.1442
4.4053
3.2233
2.8602
3.2013
3.5083
4.3359
3.9076
3.8970
4.0844
3.3343
1.9854
2.1376
4.2847
2.9605
3.4621
3.3475
4.7348
4.8812
4.9072
3.3739
3.6256
4.0386
3.4819
3.0757
3.6381
3.3709
3.8860
2.3047
3.8342
3.6337
4.0286
3.9087
3.3949
3.1486
4.4168
4.0575
3.8145
2.3773
1.7964
3.5244
3.1824
2.8916
4.3962
2.8598
4.3484
3.5756
3.4846
2.5032
4.4534
4.1325
3.4862
3.1769
5.5724
3.2176
3.0659
2.5943
3.2985
2.2722
4.2650
3.2604
3.6620
2.7868
3.3119
4.8642
4.1397
2.1901
3.2759
3.1582
3.9780
4.0322
3.0941
4.2629
2.7691
2.4851
4.4229
2.4689
3.5118
3.9157
3.9308
4.3743
4.2174
4.1058
4.5656
2.6568
3.6692
4.3689
3.6104
3.7937
4.2277
3.7678
3.8443
4.4848
3.7797
3.4776
4.2432
4.0209
4.1682
3.6683
3.7376
2.3993
2.0484
3.4813
3.8638
3.2591
3.8620
3.7466
3.5545
3.5028
2.4471
4.0390
3.5670
4.2736
2.4255
4.7065
3.8652
3.8560
5.0580
3.0603
2.7868
3.8620
3.7793
1.8392
4.1662
2.1100
4.4457
3.6404
3.5761
3.3613
4.2594
4.1683
2.0145
3.3681
3.5681
4.2407
3.9215
3.6157
3.7410
3.9299
3.5728
2.7432
2.5887
3.0067
1.8452
2.9438
3.9298
3.9486
4.6854
3.9706
2.6715
4.0053
4.2649
3.4167
3.2334
4.4818
3.6029
3.7713
3.3014
2.8735
4.7792
3.9754
2.7398
4.1366
3.7964
4.7251
3.7696
3.3858
2.5959
3.9314
3.9346
3.7104
4.2665
4.4211
3.8469
3.9907
0.9760
3.8419
4.5045
3.9858
3.3449
4.0539
3.7199
4.8932
3.7834
3.0116
3.6368
4.7482
4.6054
2.1568
4.0081
3.5525
4.1248
3.5940
4.3177
4.1672
3.2688
3.3520
3.8882
3.6938
2.4354
4.5571
3.8241
2.5608
3.9622
4.2486
4.2240
3.5179
3.6264
4.1807
4.5793
3.2574
3.2589
4.9113
3.1661
3.4452
2.2935
2.7433
3.6660
3.9043
3.7561
3.4015
2.8545
4.0616
3.3912
3.4839
3.2878
4.2092
3.3852
2.1827
3.3935
3.6908
4.1741
3.0102
4.6468
3.0800
3.4501
3.1650
3.4171
3.0177
1.0515
3.8220
2.1401
4.2633
3.5354
2.7148
3.6674
4.2985
3.9946
3.2762
4.1678
4.0905
2.8841
3.5819
3.8646
2.7695
4.7747
3.4044
4.0880
2.3135
5.2182
3.8259
2.1831
3.4314
3.4404
3.1286
3.7160
3.9096
4.9909
3.2220
3.4201
3.5688
3.3056
4.0636
3.9569
2.6520
4.5770
4.2174
4.1278
1.9794
4.6004
3.7684
3.5513
3.2539
4.3092
4.2336
3.3075
3.8852
4.3788
3.6895
3.8130
2.3963
2.7368
2.1078
4.0485
3.3934
4.6183
3.8022
3.0976
3.2504
4.2049
3.8152
4.5891
3.9722
4.0844
4.2134
3.3827
4.3951
3.5096
1.4793
3.6564
2.9054
3.7060
3.6271
4.5634
3.4138
3.1545
4.1107
4.6708
2.8940
4.7846
3.3792
3.4458
3.4648
2.5959
3.6024
2.9356
3.2410
3.9304
4.6491
2.2704
2.4936
3.0588
4.1392
3.6452
2.8709
3.6958
2.6640
2.6754
2.9407
3.6935
4.0808
2.5619
3.1568
2.3355
3.0619
3.4268
2.9817
1.0609
3.4279
3.6075
4.1413
2.9269
3.9775
1.3187
4.5331
3.3578
3.6451
3.9555
2.3949
3.6339
4.1374
3.1288
3.1144
3.2947
3.4081
4.4764
2.9079
3.7860
3.1873
4.2871
2.9789
3.0280
4.6973
3.8122
3.5283
2.8314
4.0976
4.2273
4.8145
4.1027
3.2260
3.1073
4.4906
4.8410
1.9420
3.8768
3.9099
2.6252
3.8066
4.3949
3.9317
3.6956
3.9004
3.5378
4.2783
3.2879
0.9915
3.2000
4.0237
2.8731
4.0877
3.8744
3.6709
3.8158
3.3665
2.9730
2.9990
4.6226
3.0651
3.7232
3.6303
3.1493
2.4675
3.8687
3.9919
4.6593
2.7947
3.4790
2.7590
4.6124
4.0793
3.5492
3.8669
4.1089
3.5451
4.0713
3.2409
3.9115
5.0539
2.9170
3.8099
2.4402
3.6332
4.0153
2.7824
3.1721
3.7245
3.8544
4.7965
3.3159
4.1897
4.7513
5.1596
3.9550
3.4265
3.7759
3.7957
4.1968
4.3599
4.1490
3.0756
3.0593
2.2028
4.1331
3.9613
3.8892
2.6524
3.7788
2.0600
3.8981
4.0245
4.3473
5.2651
3.6904
2.8740
2.8607
3.8062
3.7905
4.0318
3.1226
3.1293
2.1408
4.5296
2.4215
3.6820
2.9286
3.0731
4.1289
4.1691
3.5508
3.9947
4.1289
4.1331
5.0692
3.2542
4.3604
4.0268
2.9582
3.7499
3.8371
3.8925
2.9057
3.2853
4.2157
3.4179
3.4672
2.7917
3.5575
3.1102
4.0952
2.9216
2.9343
4.0185
4.0533
4.7864
3.4570
2.8430
4.0969
4.7626
3.9659
3.1642
3.2699
2.1723
3.8692
3.9311
3.7092
5.2187
4.7292
4.3873
3.6873
3.4226
3.6374
3.7370
4.0571
2.8612
3.9573
2.4669
3.9824
2.1373
3.2105
2.6987
3.2365
4.7493
4.7542
3.5425
3.6373
3.2064
4.6436
4.5883
4.2108
4.0007
2.9567
3.5075
2.7354
3.1731
2.3842
4.0580
3.9312
3.6400
2.7580
2.5624
1.8529
3.7601
5.0103
2.7563
3.8279
2.6619
3.7099
2.8304
3.1843
4.2150
4.5334
3.5856
3.1786
2.6712
3.2597
3.1127
3.5486
4.0977
3.8101
2.4495
3.9766
3.3220
2.9983
3.2832
3.1792
3.2551
4.0719
3.4696
3.6468
3.7643
2.7954
4.0190
2.5900
2.9368
2.9991
3.9818
4.3155
4.2331
1.6191
4.9068
3.5184
4.6449
4.2294
3.5651
4.2070
3.4037
2.2404
3.6376
3.8859
4.3960
3.7269
2.6158
1.5345
4.0730
2.6410
3.2619
3.0358
2.2019
3.8837
3.0423
4.7809
3.5071
4.3637
3.6976
2.9690
3.1348
3.1720
3.2668
1.2132
4.0292
2.7681
3.3335
2.7326
3.6191
3.8566
4.2197
3.1776
3.1199
4.3084
5.5325
3.8990
3.6034
3.4011
4.9759
3.5883
4.0715
3.4550
3.6216
4.3855
4.1408
3.0821
3.7993
4.2373
4.1914
5.0232
1.6883
2.6603
4.3511
4.1931
3.7889
3.4590
2.7881
2.3322
3.6787
2.6997
2.9636
4.0021
4.3158
4.4821
3.4529
4.8104
2.8637
3.7898
3.3561
3.2117
3.7753
3.5826
2.6252
3.4746
4.2262
3.5812
2.8899
4.2608
3.2035
4.0947
4.3086
0.9985
4.1512
3.2172
2.0642
2.8764
3.0746
3.2205
3.6811
3.3243
3.8349
3.6359
2.8995
4.1923
3.8579
4.6303
3.2177
4.2849
4.4016
4.2382
4.6694
3.9577
4.2811
4.5697
1.5633
4.3200
2.3516
1.3953
3.1324
1.8394
3.3817
4.9264
3.8529
4.4209
3.2159
3.5042
2.6549
3.5542
2.7846
3.7317
2.9048
4.0432
2.3277
3.4253
2.9307
3.8776
2.7807
4.2647
3.3667
4.8469
3.4732
3.7986
4.4792
3.4227
3.6162
4.6613
3.5142
2.0839
4.2461
3.5605
3.1858
3.6663
4.3288
3.0917
4.5367
2.2135
2.9944
3.2580
4.4065
4.3177
2.9757
4.7536
2.4259
3.1792
3.6329
3.3950
3.0724
4.3079
4.1170
3.6155
4.1161
3.4090
4.8668
3.0701
3.4771
3.8699
2.3825
3.5615
3.4695
4.4970
4.3100
3.3321
3.7924
4.1735
2.5009
4.0936
3.7003
3.1366
4.0972
3.6861
3.4834
4.2702
2.9482
2.3666
4.6311
3.5140
4.3460
2.9317
3.8533
4.3892
4.7231
4.1902
4.3266
3.2803
4.0392
3.9336
3.7610
3.5462
1.6538
3.3941
3.6289
5.0105
2.9019
4.2453
2.3067
3.7977
3.3576
4.5374
3.8193
3.7719
4.4909
2.0977
3.2702
2.4746
3.8541
5.4876
2.6574
1.9692
4.0276
3.3542
3.2056
2.9492
1.8403
3.8379
3.8870
3.7730
4.3654
2.7768
3.7592
4.0206
3.1033
3.6501
3.4517
4.7161
2.9886
3.6988
2.7653
4.1946
4.8898
2.8165
4.0695
2.5367
2.7741
4.8341
3.9212
3.7078
3.6654
2.7689
4.8070
3.6681
3.6274
3.3408
0.7014
5.1996
4.1570
2.2968
3.8529
3.8462
3.5715
4.1781
3.5635
5.0258
2.4990
4.0695
2.9409
4.6686
2.5434
3.7938
1.2265
3.7031
3.3718
3.3476
3.2954
5.0601
3.9526
4.2823
2.9050
4.1080
2.2792
4.9165
4.1853
3.0102
4.9589
3.7597
3.2121
3.2622
4.3017
3.1578
4.0194
1.9309
4.8574
4.5805
3.9546
4.2241
3.3289
3.5648
4.5246
1.7707
2.6668
4.4722
3.4168
2.8396
2.9430
3.5334
3.7875
3.3830
3.9430
1.9256
2.8336
3.4498
4.2316
3.5255
3.5910
4.0782
4.6377
3.7972
3.8149
4.3311
4.0931
3.6938
4.1430
3.3697
3.9732
2.9283
2.8524
4.3026
2.5851
4.2666
3.2020
1.9687
4.1329
3.5517
4.2867
4.5375
2.3499
2.8494
3.7838
4.3114
4.3284
4.1657
2.8303
4.2699
2.3035
4.7800
2.7059
3.1109
4.1056
4.4083
3.8048
3.0557
4.8428
3.6522
3.7963
4.5401
3.7582
2.9418
2.8700
2.7356
4.4802
2.9678
3.3678
3.4108
2.8748
3.9463
1.4757
2.6407
3.6336
4.9387
3.8468
4.3296
2.9073
3.4769
4.0247
3.4839
4.1903
3.5614
4.2259
4.2959
4.1853
4.0738
4.0368
4.4943
5.2269
3.6885
4.5661
3.7356
4.5008
3.0061
3.7886
5.2866
3.5938
3.2050
3.2200
4.0503
4.2568
2.8510
2.2922
3.9011
4.1922
4.0657
2.0617
3.9739
1.5644
3.4680
1.0804
4.0628
3.7555
3.8386
3.9259
4.6390
4.3618
1.9493
3.6212
1.0240
4.8446
2.4797
4.4559
4.3264
3.7478
4.6708
4.3900
4.7818
2.6874
3.3327
3.9440
4.5838
2.5782
3.3933
5.3028
3.5737
2.2388
3.7742
3.6004
3.6359
3.5428
3.6386
1.6795
3.0411
3.0484
4.3196
4.6025
5.0831
3.9319
4.7009
3.8864
4.1315
3.0216
4.1201
4.2106
3.6685
4.7770
3.3809
2.1655
5.3056
4.3089
3.0585
3.0097
2.5126
3.3319
3.8848
4.0395
4.2938
2.7905
3.8170
4.3874
4.4082
2.6599
4.5454
3.5500
3.3210
2.8417
3.3553
3.0975
3.6475
3.5813
1.9459
4.1399
2.8409
2.8609
2.7349
4.5263
1.3082
4.4907
3.2986
2.6729
3.1412
1.7761
3.7465
2.4938
3.6634
2.7795
4.5486
3.1896
3.8528
3.8016
2.7110
3.7421
4.2939
4.0862
2.9357
3.6530
3.3033
3.2498
3.5096
3.2736
3.3975
3.4277
3.4605
3.2740
2.2710
2.6951
3.3599
5.1094
3.3331
2.4522
3.3967
2.8500
3.5590
2.8824
3.9032
3.9561
3.2348
3.1307
3.6249
4.2683
4.3812
3.0427
3.8063
3.6729
1.5793
3.4747
4.6262
3.8059
4.5633
2.0970
4.5616
2.3993
3.5352
3.0747
4.6117
4.2999
1.4154
3.6135
4.1098
4.5628
2.1085
3.8583
3.8162
3.7459
4.0424
3.1921
3.7347
3.1165
3.4716
3.3985
3.1266
2.3088
4.0726
3.4834
4.5546
3.0629
3.8246
3.5453
3.7619
2.5847
5.3439
2.2753
4.1837
3.1437
2.1656
2.8492
4.7530
4.5633
3.3268
4.6615
1.9696
3.2199
2.4451
3.4065
4.1488
3.1549
3.9544
3.6690
4.4444
3.7928
4.0247
3.6148
4.0585
4.6030
4.5544
3.4929
4.1591
2.0507
3.4344
3.9499
3.6580
4.2105
3.2030
3.5234
4.1180
3.2083
3.9661
3.3087
4.1329
3.2931
3.2356
4.0295
4.2828
3.7163
3.4855
4.9276
4.1076
4.1959
3.9412
3.4410
3.9376
1.4021
4.9426
1.3203
3.0635
3.8703
3.7524
4.3850
1.9919
0.7899
3.3404
4.1258
1.1752
3.4452
4.3337
3.5085
3.5317
4.3848
2.8898
4.1538
4.3995
5.0620
4.0844
2.5409
3.6331
3.2166
3.0927
3.5844
4.0804
3.9007
4.0914
2.1494
3.4565
2.9005
3.9309
4.4029
3.5190
4.2731
4.3147
4.9436
4.1209
4.2145
2.5746
4.0674
3.1418
3.0143
3.0063
2.8709
4.8926
3.9735
3.9435
1.3767
2.3957
3.9803
3.2821
2.7009
3.9212
2.9031
3.1131
3.1137
3.6562
3.5152
4.2217
3.4438
3.1951
4.6050
0.9144
4.4717
4.9390
3.8954
4.1813
2.9924
3.9051
3.6331
4.3791
3.5034
3.0929
2.9419
4.4329
3.6340
1.9764
5.0851
4.5314
2.9734
3.5786
2.8389
5.4972
4.1275
1.2356
3.9822
3.1406
2.5525
4.5034
4.6023
4.0758
4.3268
2.5522
3.9649
3.3987
1.7220
4.0458
4.3441
3.6871
3.9946
3.3716
4.0812
3.4974
4.6362
2.9366
2.5125
3.5482
3.0124
3.6130
2.6813
3.1513
3.8938
3.5909
3.8076
4.3438
2.8544
3.1401
3.5917
5.2739
3.7720
3.8529
3.2409
1.6795
3.1448
3.5912
4.0656
4.3087
3.7597
4.2057
3.6265
1.9560
2.6569
4.0964
4.0338
3.0383
4.2781
2.2665
4.9615
2.1286
3.9159
4.0666
2.6334
3.3343
1.7996
3.5983
2.4213
3.9311
4.4538
3.2578
2.8237
4.2139
4.3435
3.6633
4.8584
4.5329
1.5959
4.2694
3.6246
3.8513
4.8575
3.8021
3.0530
4.7416
4.4086
2.8189
3.8726
2.0507
1.9975
4.2633
3.8062
4.0410
3.4142
4.4129
3.4306
4.2328
2.8466
2.7208
3.7542
3.7772
3.8094
3.9533
3.2771
1.6862
2.4244
2.2869
4.3331
3.2242
2.5092
3.7463
3.6172
3.9439
3.5203
4.5801
3.4409
4.2162
3.4645
2.8388
4.5968
2.9399
4.2171
3.9514
3.7576
2.5891
2.3321
2.4466
2.7243
4.0809
5.0353
5.0479
4.0258
3.6062
4.1150
3.0189
3.5860
3.0492
4.6461
4.7817
3.5487
3.9343
3.5869
4.2359
3.4511
4.4415
2.9965
3.9354
1.9376
3.4636
3.8048
2.9307
3.4068
4.5037
5.0355
1.8255
3.8785
3.4355
3.2783
3.0516
3.4280
3.6788
3.8890
4.2800
3.8561
4.2065
4.0217
3.4078
3.6583
3.2814
1.0679
3.2293
4.7319
3.3299
4.1797
3.8794
2.8499
2.7984
3.0170
3.7360
2.1626
3.4708
2.3486
2.0889
3.9530
3.1572
2.8537
4.3861
3.7942
4.1964
5.2168
4.2435
4.1287
2.9770
4.1117
4.3473
4.2330
4.2334
4.5444
2.6066
4.5814
4.6537
2.4072
4.0559
3.0136
3.2081
3.8531
4.7705
4.4332
3.6157
3.6422
3.5202
3.4635
4.1083
3.0524
4.3764
4.0355
3.4297
3.8814
4.0371
3.7317
3.5484
3.5981
3.6161
4.5873
4.3741
3.3738
3.5599
4.1015
2.4292
2.6301
3.8232
4.3304
4.4370
3.7591
3.6970
4.3767
4.5174
2.5049
3.7586
2.4701
3.8756
3.3033
2.6525
2.1803
3.3062
3.8143
3.6088
3.7583
3.3557
3.7574
2.3948
3.7935
4.2105
2.8204
3.4287
3.3813
2.7880
3.3038
3.6480
3.9031
3.5310
2.6580
4.0492
3.4644
4.6738
4.4701
3.8363
3.7397
3.0222
3.9896
2.4469
4.1553
2.8482
4.0087
3.4568
3.8665
4.3254
2.7358
2.2501
4.0489
3.9916
3.0525
3.7004
4.1096
4.0179
3.9799
3.3970
3.6983
4.2762
3.1973
1.1169
3.4259
3.9133
3.6654
2.3702
3.6248
4.0967
2.5089
2.7206
4.3678
3.1957
3.7952
3.6981
2.9292
2.2916
2.6551
4.4587
3.7087
4.9321
2.9282
3.6267
1.5201
3.3055
4.4602
2.8491
3.6144
4.0201
3.2801
3.1016
1.6920
3.3877
5.4311
4.2414
2.7292
4.7474
2.2390
3.5164
4.0483
3.4243
4.3282
3.8241
5.2491
1.2203
4.1157
2.5427
4.1983
3.7341
3.8851
3.7722
0.9650
3.7268
1.8094
3.1358
3.9913
2.8432
4.0327
3.8064
4.1830
3.0712
4.0836
3.4507
4.7574
2.4841
2.8902
4.0713
2.8254
4.4295
3.4830
2.4624
3.4892
4.2302
4.1521
4.2728
3.3105
2.4654
4.0022
2.0952
3.4656
3.9778
3.1887
3.6696
3.9678
2.0348
3.1372
0.9975
2.9637
2.9654
4.2226
2.2199
3.3224
3.8581
3.6567
4.3796
4.9740
3.1376
3.8328
4.1182
3.1589
3.3627
3.3114
3.5500
3.9934
2.5275
4.2582
2.9917
3.7020
5.8133
3.3065
3.0082
3.4417
3.6332
3.0784
3.9458
3.0759
2.9726
2.1246
2.4615
4.1179
4.1018
3.8494
4.0754
4.3728
4.4919
2.7674
3.8092
4.2888
3.2771
4.2153
1.8520
3.9802
3.4912
2.6645
3.9293
4.1079
4.6551
3.9447
3.7311
3.3674
4.2757
4.5372
4.1361
3.8309
3.7738
4.3855
3.5388
3.6866
3.4276
4.0794
3.7270
3.5748
3.2840
3.1925
4.9403
1.9486
2.6760
4.6788
3.8362
4.0520
3.9262
1.2762
0.9611
4.3914
2.7622
4.0207
3.7243
2.6853
1.7010
3.5734
3.7447
3.1871
4.0348
3.6021
3.1731
4.3270
3.7603
2.9832
4.1501
3.8395
3.9559
3.4651
3.8120
3.8349
3.6154
4.3856
3.6388
4.1430
3.5583
2.8046
3.5450
2.3986
3.9445
4.0617
3.5409
3.7091
3.1405
5.3361
4.2923
4.0856
3.2312
2.9412
3.6470
3.3016
4.0242
2.7485
3.7008
1.8300
3.1158
3.4056
3.4239
4.5302
3.0959
2.7551
4.4155
3.4535
3.7671
1.7673
3.6216
3.2457
3.7400
3.5178
3.5190
3.4997
3.3828
4.1694
4.4440
3.5786
4.2211
3.5855
3.4777
2.5266
3.6970
2.9360
4.5634
4.0355
1.7332
3.6348
3.7304
3.1915
2.0265
2.7150
3.7265
2.7126
3.1209
4.1401
3.9812
2.9862
2.9541
3.4784
4.3556
2.4956
4.7837
2.9853
3.4781
3.9512
1.8149
5.0186
3.3862
4.0801
4.8855
4.3785
2.2827
4.2681
2.6714
3.8308
4.5574
3.6337
2.8386
3.4500
3.7404
4.0930
4.0904
1.8930
3.7853
4.1351
3.9968
2.8070
3.5900
4.5080
3.1367
2.8879
4.5186
3.0898
3.4360
4.0213
3.2750
3.8534
2.9721
2.4894
4.1186
3.9166
4.0926
3.6386
3.1761
4.1252
3.4754
3.8520
1.4292
3.3422
4.0789
3.5205
3.9148
4.6098
4.7362
4.4386
3.0456
3.7881
3.8542
4.2637
3.7857
1.5094
3.5910
2.7133
2.1988
3.5327
3.9956
4.3800
3.0323
4.1774
3.8742
1.9316
3.9232
3.3068
3.4002
3.1646
3.6865
4.6615
2.8936
3.8778
4.0735
3.7769
4.0055
3.4665
4.0798
2.5835
3.8899
3.9513
4.0362
3.7141
3.2988
2.1945
3.7536
1.9783
3.5926
4.0165
1.4843
3.5869
3.0398
4.1244
3.1583
3.1411
3.9236
4.0160
4.8463
1.9711
4.0514
4.5686
3.8295
4.7231
2.2793
3.4794
4.5213
2.5595
4.8346
2.8573
4.6851
3.3759
3.7345
2.5583
3.9347
3.0880
4.0565
3.8133
5.1267
2.1324
4.7354
3.7122
3.9442
3.1945
4.6025
3.1938
3.6951
2.9361
3.9093
4.2006
3.2781
3.7290
2.3203
3.3358
4.2893
2.9603
2.2156
3.4556
3.9561
3.8941
3.3470
4.5662
3.4397
2.6286
5.2127
3.8397
3.6733
3.6716
3.3832
4.8176
5.4057
3.7503
4.1784
3.0520
4.6966
3.7435
2.5434
4.4142
4.0369
2.8966
3.3646
4.6719
3.9129
3.1815
4.4553
3.7621
2.9322
2.6493
2.9312
3.6532
3.1332
3.8865
4.3431
3.9857
3.5263
3.3528
3.6071
4.4750
3.4210
3.2155
3.9050
3.5498
2.5927
3.6524
3.6677
4.1749
2.5220
4.6068
3.1091
3.2091
3.5594
4.6369
3.4708
3.1821
2.7745
3.7820
2.1449
2.9600
3.3617
4.1137
4.3270
1.9643
4.6265
4.3402
4.6921
4.1815
3.2213
4.1452
3.9725
3.8398
3.9893
4.0507
3.0251
4.2283
3.5513
3.3000
4.5529
2.7657
4.1533
2.9659
3.6011
4.8002
3.8061
3.8883
4.3695
2.8274
2.5826
1.7968
3.4494
3.6322
4.1652
3.0575
3.3998
4.7078
3.9978
3.3411
4.5792
3.1000
4.3397
3.8555
3.6756
2.0490
2.7659
4.3158
3.9561
3.5762
3.9961
3.8479
4.2754
3.7387
3.5090
3.8863
3.2139
4.1680
4.4107
1.4773
2.9164
4.6657
4.3996
4.4261
4.1419
4.0968
3.6127
4.7336
2.5552
3.2603
3.0165
3.9324
3.8850
4.0853
4.4555
3.2771
3.9674
4.5515
3.4255
3.3280
3.3355
2.6111
5.0232
3.0068
5.2071
3.3575
3.5712
3.2243
3.7737
3.7560
3.8956
3.8932
2.3927
3.7318
2.7959
3.3402
3.0215
3.3994
4.0569
3.2854
3.3851
4.7132
1.6520
3.4108
3.2819
2.9425
3.9671
3.3456
3.6798
2.6733
4.0316
3.8020
3.1802
3.1329
3.4928
1.9152
2.3315
3.7559
3.9161
3.3843
4.5023
3.8263
3.5344
2.9354
4.1567
3.8926
3.4165
3.7847
4.1973
3.6823
4.1705
3.3988
4.4858
2.9519
3.0678
2.8681
3.3788
3.0006
4.3407
3.2523
3.1685
4.6562
3.9515
4.8731
2.7040
2.7749
3.0072
4.4267
3.1722
4.0891
2.8391
4.9416
4.1031
4.2363
4.3622
4.8160
4.1769
3.4582
3.7277
1.2506
2.5834
3.9559
4.7569
3.3037
3.6580
4.6186
4.4184
3.9271
4.2482
2.6995
3.8772
3.2403
2.9662
4.7608
2.8706
3.2906
3.4761
3.1332
3.6748
2.1497
2.9563
4.2365
4.0285
3.4642
3.9476
3.7784
3.9353
2.1879
3.5744
4.2236
2.7063
2.0125
4.2521
3.6895
3.7280
4.1168
4.0638
2.6070
4.0274
4.7785
4.9326
4.0572
3.2009
3.3942
2.9796
3.7619
4.4674
3.9034
2.6459
3.1039
2.8518
4.6167
3.0882
3.5589
3.9897
3.5793
1.8612
3.8544
4.3255
3.4839
2.8413
3.3040
4.2357
2.5236
0.9964
3.0666
2.9799
4.2769
4.2192
1.9199
3.4690
3.8777
4.1745
2.8884
3.4281
4.1708
2.1918
4.4240
3.3028
1.8520
5.1372
4.2684
3.5713
3.6448
3.0559
3.9640
2.5972
3.9832
3.1820
4.2161
3.4950
4.0112
3.5806
1.7497
4.2716
4.3112
4.0664
3.2383
4.2517
3.6819
3.9160
4.2427
3.2328
2.4881
4.2869
3.3875
2.4874
3.7386
4.2395
4.8947
4.5202
4.0014
3.9402
3.3363
5.2208
3.9114
4.5477
3.4543
2.3227
4.0593
4.2611
4.6340
4.5300
2.2820
3.4314
2.1092
3.9879
3.6311
4.2145
2.4485
3.8198
5.7231
3.1815
3.9324
3.2653
4.1388
3.3829
4.4692
3.7126
3.4563
4.8603
3.8300
4.8715
3.5490
4.4931
4.6745
3.6062
4.1160
4.3930
3.6981
3.7539
1.3817
3.5969
3.3491
3.5997
3.5972
4.4788
3.1410
3.4028
1.7931
3.8387
2.3576
4.4984
3.9838
4.0958
2.0865
3.8587
3.1542
3.3322
3.0050
2.9394
3.5053
3.6784
4.4457
1.4038
2.6137
3.9081
3.3773
3.5800
4.5284
3.6124
3.3586
3.9085
4.1054
3.3326
3.8498
2.6980
3.3825
2.5587
1.9555
4.9713
4.1604
3.4209
3.2239
1.0165
3.6418
3.8309
3.7804
4.7463
4.0457
2.9288
4.5354
3.8306
3.2821
3.6714
2.7061
3.0395
2.8083
2.5420
4.0699
3.3335
3.8924
4.3046
4.3935
2.6139
3.7164
3.0432
3.3202
1.9775
4.8362
3.3044
3.0263
4.4427
3.2178
4.1875
3.4197
3.8325
3.0178
4.6003
1.5477
3.6333
4.2996
3.4422
2.4503
4.2441
2.9308
4.3156
4.0672
3.5243
3.8475
4.2979
2.2324
3.1752
3.4889
3.6280
1.0071
4.6509
3.7952
3.9431
3.2932
4.7868
2.2760
3.5057
3.3174
3.7193
2.5619
3.6655
1.0458
4.2625
4.0809
4.9089
3.7967
2.7952
4.3576
3.1009
4.1844
2.6124
3.6449
4.6956
3.4087
1.5217
2.8972
2.6301
4.0372
2.6713
4.3603
4.1666
2.8950
4.1218
2.0424
4.2693
5.1393
3.0104
4.1686
2.3586
2.2398
3.1301
4.0772
3.7978
4.0318
4.7467
3.8483
3.3522
2.4709
3.6974
4.1746
1.1198
3.8910
4.6525
3.6458
3.7001
3.7949
4.7501
4.1603
3.2760
3.9878
2.6923
3.6857
3.4855
5.1616
2.9210
4.2143
4.9293
3.9234
3.1884
2.4382
3.9069
4.5984
4.6761
4.6112
4.4782
4.2504
3.9935
3.6380
4.2565
2.8794
4.7571
3.0863
3.5978
1.4410
3.3231
4.3779
3.1226
3.8541
3.0480
3.1566
1.1505
2.9496
3.7360
3.7056
4.3648
3.6619
3.8728
3.5033
4.1975
4.9312
4.6254
2.6461
3.9331
2.9046
3.3523
3.3440
4.1765
3.6747
3.0613
3.6087
3.2344
3.5393
4.1780
3.3815
3.1873
2.8363
3.2670
2.2287
3.3296
3.9423
3.9079
4.1945
4.4780
2.5524
4.0762
4.2250
3.2692
2.3833
2.8344
3.5340
3.4711
3.7284
4.0754
3.5601
2.7668
3.7160
3.3153
3.7124
3.4286
5.7519
3.7497
3.4558
4.5012
2.6823
3.4149
3.4570
3.4022
3.8305
3.4498
2.4126
3.8801
4.1087
3.4969
4.1698
4.5169
3.5677
3.3515
3.3600
4.3674
4.6570
3.5388
2.7054
4.0663
4.0017
3.4010
2.4020
4.0667
4.3007
3.7756
4.7544
3.7908
4.0379
4.9821
3.2256
4.4767
3.4951
2.7993
4.4959
3.8447
3.5638
4.4294
0.9113
4.5983
3.6198
2.6951
2.7545
4.0037
3.6969
3.8950
3.9923
3.1065
3.1970
4.4541
3.2269
2.5354
0.9916
4.1445
3.7071
3.4666
3.7366
3.2496
4.5309
4.2568
4.7485
3.6529
4.6150
4.3757
3.7156
3.6174
4.1437
4.1051
4.0457
1.8870
4.2346
3.5530
3.8374
4.7817
3.6327
2.7818
4.0376
2.7767
3.8110
3.9879
2.8830
3.3874
3.6060
2.8826
2.6671
4.8381
2.7867
3.4515
2.4910
2.5880
3.1362
2.7257
4.1362
3.3540
5.1004
3.1529
3.0134
3.7362
3.9656
1.7981
4.4511
3.7108
4.4908
3.8231
4.1635
3.5517
2.9771
2.6331
3.0759
1.3458
4.2469
1.4487
3.5676
3.6549
3.7399
3.2002
3.8862
3.4354
4.0948
3.9264
3.3611
3.7158
3.9878
3.4723
2.9378
3.7917
3.9725
1.6287
4.0448
4.1524
3.1199
4.0871
4.3807
3.9538
4.1772
3.5367
3.9872
4.3337
3.0771
4.1354
4.3008
2.8405
4.6018
3.7707
2.3148
3.9214
1.2265
4.0275
3.8774
3.5122
3.9864
3.2778
2.1890
1.1419
3.9110
5.4003
4.1598
2.8663
3.2569
2.9653
3.9610
4.3890
3.5581
3.2269
3.9915
3.4836
3.3215
4.4475
2.8495
4.3944
4.0747
4.0713
4.7495
5.3098
4.0659
3.0431
2.8603
4.3324
3.3385
4.1652
3.7069
4.1827
4.8165
3.3582
3.3197
3.4764
3.6196
4.7422
3.0290
3.4627
2.9246
3.9343
4.1456
4.2770
4.0955
2.4502
3.0916
3.6934
3.8457
3.8335
1.1743
4.0748
3.2878
3.5600
4.5929
4.4114
2.9518
3.8240
4.0852
3.7032
4.0401
2.9006
2.3134
4.7568
4.0443
1.9972
4.0469
2.0421
3.7992
3.0076
3.9954
4.4014
3.3384
2.1244
2.1771
4.1013
4.4284
2.5742
3.3584
3.0552
3.3007
4.1368
3.8326
2.0755
3.8354
3.1497
5.2297
4.7180
2.6049
2.8436
3.2273
3.9788
2.9150
4.6754
3.0655
4.4477
3.9150
3.4459
3.3062
4.2165
3.7181
3.5712
3.3140
3.4265
4.7006
3.3768
3.8701
4.3110
2.7638
3.5565
2.6388
2.6250
4.0963
4.2693
4.0668
3.7646
3.4598
4.4757
3.8285
2.6447
4.1263
3.6141
3.7366
4.1086
3.9724
5.3423
2.9335
4.2896
2.9438
4.5689
3.5838
5.3409
4.8338
3.6171
3.4154
3.9617
4.0252
5.1253
4.5639
2.7772
3.3062
2.5072
3.9193
3.7680
1.1315
3.1765
2.4767
2.9632
2.9432
3.9694
3.5064
1.0001
2.5668
3.6500
4.0327
3.5837
1.7911
3.0332
4.4728
3.2013
4.4753
3.5632
4.2139
4.3540
3.3536
3.8965
3.6852
3.2665
3.1295
3.9114
4.3841
3.6716
4.0344
3.9540
3.6334
3.5337
4.1057
3.2380
4.3122
3.2630
3.8350
4.1884
4.7195
1.5136
3.0611
3.9539
3.9381
1.1167
4.8667
4.1870
3.7516
2.1588
4.4415
3.6948
2.1832
3.6665
3.7122
3.8673
3.6252
2.9491
3.2277
3.8233
3.7451
3.7828
5.4081
3.2673
4.5301
3.7028
4.4632
4.0160
3.4521
4.3704
4.0130
3.9178
1.9382
4.5307
2.6169
4.0232
3.9431
2.8030
4.4223
4.2602
3.7457
2.9076
4.0509
4.9719
2.7652
3.6183
3.3112
2.4391
3.0587
2.3952
4.1289
4.4299
3.8141
3.9728
3.4174
2.9602
2.3261
4.1227
3.7703
3.7912
2.7367
3.5663
2.5004
3.8656
3.9695
4.3214
3.4961
3.6225
4.1527
4.2453
3.8551
3.7119
3.8807
3.1646
3.9601
4.7516
4.1717
4.6055
4.4534
3.5290
3.3149
3.8743
2.7665
1.7891
3.9714
2.7920
2.8680
4.4166
4.2059
2.9548
4.6028
4.4815
2.2258
2.6469
4.4551
3.6790
2.6372
3.7284
4.9548
3.0076
3.0883
2.1495
4.3450
2.7424
4.3308
3.4078
3.8298
3.6949
2.1550
4.1985
3.1204
3.2180
3.5402
3.6698
4.8135
4.1999
3.0785
5.2829
4.0113
3.4661
3.5140
3.7753
2.5630
5.1219
3.9305
3.7160
3.5097
3.7112
3.6632
1.6424
3.0927
3.5023
2.8408
3.8442
1.8529
3.6644
2.5271
1.4868
4.0588
4.7609
4.1176
3.2391
4.7604
4.3829
3.7897
4.1812
4.1459
3.4746
2.5937
