3.7574
4.3916
3.0360
3.5636
3.4838
4.3237
2.6756
3.7398
4.5275
3.6426
3.8579
3.8732
3.8083
4.4760
3.5068
2.7608
2.6130
3.4957
3.7309
3.6913
4.1186
3.9694
2.9887
3.3051
2.8535
4.1720
3.8234
2.9141
3.6461
3.4875
4.2422
4.2860
3.8982
3.7339
2.9463
3.6164
3.8483
2.4926
3.2134
3.4752
3.9623
3.3469
3.5121
4.1192
3.6593
3.0903
4.0944
4.0311
4.4620
3.5678
3.7486
4.2488
3.8618
4.2899
3.9341
3.7982
4.0764
3.6344
4.2523
3.6682
3.7175
3.7564
3.7505
3.6743
3.6649
3.5345
2.6277
4.0698
3.2625
3.9996
2.8164
3.2878
3.4558
3.4865
2.7843
2.7261
3.2643
3.6165
3.9685
2.9311
3.1148
4.8365
4.6389
4.3033
4.4419
3.3511
2.6650
3.4019
2.3560
4.2085
2.9755
4.5922
4.1443
4.4186
3.9621
4.3409
3.3196
3.9126
3.1700
3.4260
3.9998
3.4542
4.0273
3.6219
2.5944
3.5066
3.5283
4.4978
4.2061
3.4160
3.8951
4.2390
3.1633
4.5654
3.7707
3.3319
4.2988
4.1321
2.3837
4.0646
3.8721
3.4958
3.4838
3.6828
3.3090
3.7041
2.6483
3.1731
3.0409
3.1643
3.5664
3.5752
2.4204
3.8875
4.1595
3.2670
3.5623
3.8782
4.1028
3.0828
4.0748
3.7181
3.8059
4.3237
3.5299
3.9781
4.1199
2.5000
2.8877
2.7529
3.7560
2.8646
2.5290
4.2024
4.0309
2.2836
3.7721
4.6427
2.4179
3.5520
2.8942
4.1531
3.7543
2.3186
3.1598
3.6800
3.5571
3.5482
2.2884
4.3123
3.8587
4.0403
4.0437
3.9022
2.6845
3.4102
3.4142
4.0091
4.0365
2.2339
3.1602
3.0265
3.4466
4.0526
3.8216
2.7471
2.3145
3.6054
3.2827
3.5404
3.5450
3.0431
4.0318
4.7009
3.9564
4.3331
3.3458
4.2678
3.0984
4.1070
4.3528
4.0383
4.1382
3.2758
4.1295
3.5075
2.7613
4.2050
3.6100
3.6642
3.3198
4.2104
2.7607
2.6447
3.9240
3.1628
3.8048
3.9128
3.8275
3.4101
3.2160
4.1351
4.1940
4.1653
3.4923
4.0860
3.0799
2.7155
3.6852
3.3525
4.0230
4.5076
4.4909
3.5545
3.1979
4.0209
4.1034
3.3037
3.9072
2.9324
2.8571
3.8070
3.7103
2.5816
4.2795
4.0025
2.9891
3.9113
3.2566
1.6346
4.1761
3.9986
4.1581
3.5222
4.3857
3.8238
2.3006
3.0673
1.4270
3.9347
4.5537
4.2530
3.6227
4.2514
3.6209
4.4480
3.4984
3.9672
3.4096
2.5325
3.4480
3.3274
3.8310
2.2578
3.4741
3.4427
4.3105
3.8799
3.2634
3.1472
3.2370
4.1476
4.0003
4.4241
3.5295
4.0187
3.6100
4.2116
3.4914
2.9204
2.9993
3.1976
3.8542
4.0668
3.7118
4.0973
4.3247
3.7762
4.8062
3.6827
2.4945
3.6087
3.4188
3.4358
3.1618
2.7742
4.2900
3.4058
3.1944
2.7318
2.6346
3.7700
2.7296
3.5064
4.1908
3.0509
3.4126
3.6875
4.6910
4.3033
3.6711
3.7968
4.4463
3.9825
3.6546
4.6861
2.3696
4.4516
3.3918
3.5633
3.9205
4.4093
3.3423
4.0660
1.8625
4.0950
4.4937
3.5089
2.4979
3.2980
3.0582
3.0187
3.4018
3.7647
3.2600
2.1800
3.0064
3.7101
3.2501
3.5043
3.0667
3.5119
3.2168
4.1648
2.9550
3.7401
2.4794
3.7531
3.2610
3.9675
3.1531
3.9759
3.3668
4.3012
3.3374
4.4388
3.2002
4.4671
3.0362
3.7766
3.3958
3.2809
4.2495
2.9159
3.7713
5.0000
3.6592
3.5349
3.6804
3.2652
3.9429
3.6229
3.5656
4.1145
3.2818
3.7916
4.3478
4.0549
2.9649
2.8341
3.3044
2.8354
3.8797
3.8151
3.4260
3.5934
3.4821
3.3334
2.6898
4.0232
2.9370
3.8209
4.0968
3.3206
4.5647
4.3856
4.2542
2.5948
3.4705
3.6479
3.8060
4.1265
3.4114
3.7756
3.0088
4.5118
4.1243
3.9922
3.9623
3.8606
4.3565
3.8422
3.7669
3.5606
3.6652
3.1183
4.3850
3.4867
3.3691
3.7645
3.5491
2.8378
3.4364
3.0805
3.9541
4.5672
3.9973
3.2715
3.0135
3.9489
3.1842
3.9912
3.5083
3.3271
3.1585
4.1773
2.9177
4.3729
2.5454
3.3512
3.7742
4.2623
4.0782
3.4960
2.7259
3.0904
4.3489
3.4920
2.8715
3.6023
3.2629
2.6305
3.0339
3.4308
3.9585
4.1149
2.8884
3.5583
4.2462
2.7851
3.0789
3.9155
3.0877
3.7025
3.7316
3.7394
4.0209
4.0716
3.3639
2.6103
3.5054
3.1690
3.5547
3.4911
3.6997
4.0835
3.9266
3.2878
4.2221
3.8152
3.9085
3.7454
4.0402
4.0745
3.8017
4.1812
3.8260
3.8023
3.5906
3.1809
3.0240
3.2515
4.4066
3.3984
2.9911
3.3356
3.9030
3.5578
4.3046
3.3658
3.3981
3.3338
1.8644
3.8760
3.1172
4.3763
4.1670
3.5195
4.3448
3.2106
4.5406
3.5807
4.2917
3.1635
3.6159
3.4336
4.0381
3.6009
3.3503
3.6826
2.4741
3.5638
3.3091
3.4728
4.3762
4.0590
4.3226
3.5135
3.3124
3.4476
3.8236
3.7513
3.7343
3.2770
2.9862
3.4773
3.6718
3.3623
3.3361
2.7454
3.2144
2.7842
4.2994
3.2480
2.6165
4.0785
3.9779
3.6698
3.4409
3.3965
4.1448
3.9281
4.4906
3.8818
4.0215
3.4964
4.3068
4.6642
4.1558
3.0786
3.3888
3.3756
3.7915
3.1139
3.7708
4.2383
4.1644
3.5744
3.8460
3.9255
3.3607
3.2097
3.9267
3.8218
3.5295
3.8021
2.3487
4.0819
3.5170
3.7658
3.5868
3.5838
3.6514
3.7009
4.1392
3.6279
3.7969
3.8003
3.4631
2.2254
2.7641
4.2009
2.8248
4.2505
3.8290
3.8493
4.4706
3.4604
4.6191
3.3586
4.3916
3.9638
3.6998
3.5598
3.8677
3.4671
3.8137
2.8180
3.8194
4.2299
3.1798
3.2277
2.6272
4.8454
3.7571
2.5398
3.7279
3.1936
3.5870
3.8965
3.4112
3.8615
3.5281
2.3530
3.6870
2.5966
3.3699
3.8615
4.0729
3.7884
2.5490
2.9900
3.2230
2.6054
3.9622
2.7506
3.2979
3.5106
3.7963
4.0172
2.8431
3.3388
4.2880
4.0213
3.5100
3.3709
3.3545
2.5751
3.1447
2.9622
3.7181
3.2630
3.2395
3.5867
4.4898
3.8298
3.2287
4.2388
2.7225
3.9224
4.0536
4.0034
2.9325
3.4769
3.1939
3.1327
4.6494
3.2237
2.7685
3.3820
3.4113
3.6541
3.2825
3.7629
3.2137
2.9631
3.5683
3.4427
3.6230
3.7490
3.2958
3.5642
3.4657
4.1325
3.0967
4.0091
3.6481
4.2651
3.1326
3.7485
2.9490
3.4483
4.7943
3.6595
3.6681
3.8637
3.3027
2.0284
3.8257
3.2416
3.6651
3.7125
4.6009
4.0851
4.5236
4.1806
4.1288
3.9820
3.7676
2.4767
4.1982
3.0256
4.0698
3.6009
3.5398
2.9921
3.8642
3.5673
3.6536
3.1301
3.0919
3.8983
2.5402
3.4193
3.9565
3.2961
3.2264
3.7404
4.1421
3.0398
3.8087
3.3088
3.3916
2.7618
3.9539
3.7818
3.5545
3.9291
3.8821
3.2039
3.8774
3.2848
3.7394
2.9657
2.7991
3.6978
2.5239
3.1734
4.0704
3.9517
3.4260
3.3152
3.4217
3.7211
3.1976
3.2446
4.3826
3.0227
3.3900
3.8080
3.8284
1.5241
3.8454
3.8456
3.6291
3.4423
2.7448
2.6849
3.5797
4.1871
3.8769
4.1327
3.3970
3.1243
1.5269
3.7644
3.4453
3.6961
4.2896
3.7840
1.9710
3.5638
3.9994
3.4703
2.6733
3.4715
4.1413
2.9428
3.7170
3.6317
4.1418
3.6956
2.6339
3.2733
2.8616
3.6871
3.2416
3.8057
3.5792
3.6417
3.1648
3.2373
4.1501
4.0833
2.2579
3.6843
4.4441
3.6498
3.8731
3.8291
3.5258
3.1348
3.3636
3.8878
2.8965
2.5938
3.3041
3.3085
3.7157
3.8457
4.0177
3.6679
2.6587
3.2978
3.2525
3.9141
3.1850
3.8326
3.6699
3.8038
3.1723
3.0971
4.1511
2.8908
3.5623
3.7930
4.1191
4.0049
4.1128
3.5365
4.0345
4.1611
3.2180
3.8667
4.4770
2.3351
3.9352
2.2937
2.4994
3.5174
2.5384
4.1591
4.0849
3.0158
4.1071
4.4892
3.5127
4.2127
4.0208
3.5518
3.2733
3.6766
3.2435
3.2042
3.5995
3.4052
4.4068
3.5260
3.5237
3.6803
4.0329
4.0205
2.1897
3.8779
4.1058
3.4687
2.7985
3.4090
3.8311
3.1624
3.5551
3.2813
2.9887
3.8109
2.7891
4.1919
2.6628
3.3182
3.6512
3.1147
3.8110
3.3779
3.1973
3.9751
3.3707
3.1629
3.6854
3.8204
2.7372
3.0513
3.7325
3.2312
3.4581
3.2665
3.5487
4.1133
3.6167
2.9036
2.3822
2.7266
3.1383
3.3007
3.1718
3.1787
3.2838
2.7240
3.8147
4.0330
3.5549
2.6570
2.8032
3.7014
3.2078
2.9328
3.7753
3.4578
3.2479
3.6414
2.0986
3.2353
3.3678
4.1401
3.4816
3.3049
2.2720
1.7535
3.6398
3.4396
4.3101
3.0974
4.3515
3.7704
3.9958
2.9327
4.2430
4.3034
4.1628
3.4497
4.1584
4.6535
3.1101
4.4341
4.0165
3.6497
4.1093
3.8845
3.4491
3.1058
3.4090
4.2312
3.2521
3.9445
4.5976
3.5319
2.4202
3.7986
4.1176
3.1763
3.9351
2.7786
2.8446
3.4769
4.4057
4.3843
3.4826
3.1909
3.1633
3.0590
2.6808
3.9041
3.3214
4.3237
4.5472
3.7773
3.4192
3.2699
3.3470
3.2791
3.5316
3.2409
2.5134
3.3014
3.5491
3.5411
3.8656
4.7340
3.6880
3.7535
2.7897
4.4136
2.6770
3.3454
3.3429
3.3950
4.0338
3.9374
3.3619
3.7475
4.4446
3.1643
3.4265
2.4789
4.3436
4.0399
3.6044
2.6357
3.4310
3.2345
2.9993
3.9522
3.4555
3.8161
3.0335
2.7619
4.0170
2.9742
3.6688
3.6093
2.5672
2.6101
4.1228
3.6029
3.4300
3.5343
3.3646
3.5877
4.4423
3.2542
2.6368
4.3599
3.7768
3.2720
3.5501
4.0171
3.0595
3.4868
4.1904
4.0817
1.6925
4.5172
4.0222
3.3515
3.6204
3.6413
3.8864
3.0509
4.2006
2.7937
4.0776
3.7769
3.1223
2.1318
3.2108
3.0680
3.8231
3.9925
4.0730
4.1650
3.2152
3.1724
4.3650
4.4490
2.9324
2.0160
3.1177
3.6866
3.1024
1.4842
2.7649
3.3131
3.6259
3.6375
4.6459
3.9090
4.8943
3.2527
3.9536
2.8457
2.7575
3.4733
3.7222
3.3322
3.8836
3.5413
3.7461
2.9448
3.8248
3.0466
3.5544
4.0065
3.8414
2.8708
3.8080
3.0857
3.7618
3.6486
3.7440
4.0037
2.2392
3.3769
3.5815
3.1789
3.3377
3.7551
3.3672
3.0817
3.6083
2.4683
4.2026
3.7000
4.0464
3.5315
3.6865
3.4898
3.3434
3.6483
3.7633
3.2444
3.6552
4.1355
3.8406
2.8247
3.7151
3.4379
2.5535
2.9910
3.4965
3.0349
3.2354
3.9288
3.6012
4.0671
2.8933
3.9802
4.2258
3.4031
3.4671
3.6096
3.2365
4.3482
3.1613
2.6247
2.9419
3.1713
2.8773
2.3223
4.1206
3.3547
3.0521
4.5801
2.9998
3.5695
2.8187
3.8851
3.7639
3.8655
4.0670
3.0497
3.6593
3.5727
3.6143
3.3953
3.5965
4.0288
3.5883
4.6299
2.7935
4.1253
3.7624
2.5367
3.2125
3.8536
3.1297
3.5636
3.6209
2.8670
3.6364
3.7563
4.3860
3.0990
2.7539
3.5316
3.7676
2.3177
4.3223
4.2123
3.4841
3.2870
2.4212
2.8716
3.6382
2.4375
3.6668
2.7663
3.1172
3.6216
4.0075
3.8258
3.7191
4.5468
3.3619
2.9706
3.8202
4.0674
4.2378
3.5955
2.9389
2.9712
3.7513
3.5574
4.0787
2.8195
4.0640
2.8303
3.2436
3.8819
2.5513
3.0154
4.3017
4.1104
3.2476
2.8895
4.2719
2.7908
2.6236
2.8463
4.0104
3.8286
4.0467
3.6564
3.4099
3.9734
4.4698
3.6882
4.2135
3.4301
3.4508
2.8175
3.3574
3.4419
3.9673
3.7561
3.8017
2.7608
3.4541
2.9032
3.1558
3.4505
4.0041
4.0835
3.0635
3.9126
2.6227
2.3927
4.3913
3.9984
4.5457
3.8407
3.5450
2.8841
3.9280
2.3015
3.8262
3.1120
4.1355
3.9343
3.1480
3.4631
3.8789
2.9015
3.0877
3.0367
4.0955
2.4688
4.2885
4.1612
3.6152
3.7691
4.2217
3.5850
4.5835
3.8872
4.0358
3.7538
3.0039
3.9406
3.6634
3.3898
3.8045
3.9967
3.2160
2.9949
2.5816
3.7474
3.6874
3.3622
4.1861
3.6286
4.0241
3.9883
4.4941
3.0249
4.2618
2.9867
3.9958
4.2338
3.3819
2.8759
4.2130
3.1618
3.2927
3.7677
3.5007
2.6214
4.2932
2.8315
4.6910
3.7843
2.8242
3.6301
2.8891
3.5273
3.1514
3.3929
3.1824
4.1173
3.2909
2.6644
3.6250
4.0081
3.3255
3.2469
3.9782
3.7186
2.9199
4.1257
2.6533
3.8909
3.8960
3.5295
2.7467
4.2645
2.7607
3.3429
2.8661
4.1167
3.8563
3.4178
3.4816
3.2965
4.4040
3.6146
2.6290
3.6300
2.6840
3.5247
3.6712
2.9032
4.3887
3.5988
3.7643
3.2055
3.9080
3.5451
4.7406
3.9883
3.0678
3.2161
3.7607
2.9613
3.7263
3.3166
3.4070
3.6991
4.2294
3.3191
3.1938
3.6595
3.0214
2.9304
3.9164
2.9848
3.3793
3.2156
2.3707
3.0553
3.5612
3.4849
3.5420
3.4780
4.2531
2.5130
3.9765
3.2159
3.9178
3.0371
4.1958
3.3402
3.9398
4.2128
3.3779
4.3484
3.8454
4.4714
3.9602
3.6570
3.0242
3.3866
2.2446
3.8844
3.7356
3.9272
3.4942
2.6741
4.0862
3.8070
3.9106
4.0193
4.2111
2.7160
2.8827
3.8466
2.7031
4.2048
3.6569
3.0338
3.9054
3.6721
4.5564
3.3756
3.3531
4.0615
4.6817
3.6744
3.5100
3.7670
3.0675
3.6099
4.4976
3.5536
3.7009
3.2513
3.8919
2.6133
4.6729
3.6476
3.9362
2.2067
2.7399
3.7575
3.2079
3.8818
3.8772
2.7068
4.3198
2.7012
3.8955
2.4308
3.9407
3.7721
3.2046
4.1672
3.4837
3.6535
3.7568
4.0064
3.5848
3.6522
2.5084
3.4928
3.8492
4.3447
4.3784
3.4479
4.0707
3.6687
3.6323
3.6551
2.7652
3.3615
3.2227
3.6807
3.6749
2.8442
4.2738
3.1313
3.6317
3.2050
3.5643
4.1424
3.5102
3.0165
3.6463
3.8814
4.1531
3.7813
3.7662
3.4482
3.5113
3.4448
3.9962
2.6298
3.1514
3.9417
4.4770
3.5529
3.9361
3.4862
1.9420
4.3004
4.0144
3.6106
3.9636
4.2267
3.5844
3.8374
3.7498
3.9060
2.3420
4.1703
3.5081
3.9382
3.1222
4.6423
3.9826
2.5467
4.5322
3.6753
3.1537
3.5127
3.7259
3.7337
4.3802
4.2810
3.0956
3.9630
3.9503
3.1491
3.7839
3.3746
3.7138
3.2299
3.0168
3.7686
3.8345
4.0994
3.4354
4.1974
3.4297
3.2362
3.5917
3.0782
3.7511
3.9823
4.3495
3.5944
4.9155
3.5715
3.6114
3.6195
4.2184
3.5334
3.4758
4.4615
2.6909
3.0379
4.1054
4.3996
2.8273
2.4102
4.0777
3.9519
4.0856
3.5112
3.5418
2.9866
4.4600
1.7873
3.9487
3.4974
3.4799
3.9417
3.1670
2.7023
3.3099
3.6940
2.4871
3.1620
4.2132
4.5377
3.5716
3.6428
3.8175
2.9294
3.5082
3.4222
3.8552
4.2297
3.4129
4.2065
3.3414
2.9613
3.8582
4.1611
3.5185
2.8771
2.6491
4.2895
2.9193
3.9831
3.6687
3.1983
3.2568
2.6538
3.3915
2.9886
3.0902
3.9724
3.1931
3.0915
3.7097
3.6787
3.7087
3.4899
2.7491
3.8212
3.2863
3.8843
2.9507
2.7205
4.2834
4.0584
3.6527
4.0454
4.0183
2.6678
1.5229
3.4661
3.4534
2.9949
3.7458
4.1927
2.0838
3.0076
3.9820
2.7788
3.6849
3.2093
4.3057
3.4354
3.4860
3.8597
4.1048
3.5087
2.6553
3.4758
4.0398
3.6890
3.3588
3.5667
3.3460
3.1198
4.1363
3.6752
3.5768
3.9951
4.4433
3.5161
3.7974
4.0806
3.0443
3.1419
2.9423
3.9370
3.5730
3.8153
2.0699
3.3436
3.6578
3.9596
3.2213
3.5711
4.4888
4.1472
3.7363
4.7488
4.0071
2.5809
3.4936
3.5212
3.4486
3.9946
3.5474
4.1254
3.6584
3.7435
3.5793
3.2316
2.7984
3.5705
2.3877
2.4683
3.1099
4.0194
4.0529
3.0970
4.5072
4.1649
3.7652
3.4289
5.0000
3.8092
3.8223
4.1163
4.1206
3.8441
3.6527
3.1938
3.2516
2.8946
3.1255
3.2405
4.3525
4.1895
3.5035
4.0331
3.4156
3.7592
4.2806
3.8874
1.1100
3.8038
3.6464
3.6795
3.7644
3.0925
4.4073
4.2435
3.1183
5.0000
2.6986
4.1720
3.4148
3.1981
3.4740
4.1014
3.1087
4.0587
3.6745
2.9151
3.4967
3.9803
4.6826
3.6616
4.5335
3.2098
2.8882
3.9952
4.2847
3.1253
3.4120
4.5779
3.6158
3.5463
3.1442
3.7940
4.1129
3.6068
3.7905
3.7194
3.5389
4.3479
2.8609
3.9043
2.8392
3.7974
4.1098
3.1460
3.0832
3.8921
4.0389
3.7337
3.5107
3.5527
4.1367
3.1827
3.5002
4.0287
3.6869
2.7987
3.6352
3.3125
3.7770
3.6357
3.6402
3.2321
4.6275
4.2553
3.3040
3.8676
3.8522
3.8046
4.8076
3.1851
4.1319
3.5208
3.4929
2.9064
3.6259
2.8798
3.2428
4.0001
2.7820
3.7983
3.0889
3.1633
4.0651
4.0098
2.6251
3.6979
3.9153
3.6322
3.1326
3.5645
2.7027
3.7007
4.1715
3.5334
3.2174
2.2498
3.2285
3.8022
3.6784
3.8865
3.8068
4.0103
3.0809
3.1234
4.0273
3.7517
2.9268
3.9583
3.6204
3.8208
3.4639
3.1374
3.7529
3.1425
4.6187
3.4902
3.4979
3.9250
4.1315
2.7454
4.5262
3.8213
3.7276
3.7471
4.2142
2.0079
3.2687
3.1918
3.1010
3.7210
4.6676
3.9131
2.4823
4.1671
4.2227
4.2030
3.0056
3.0078
3.9546
3.6709
3.2489
3.6119
3.7486
3.7058
3.7605
3.8437
3.4353
3.6355
3.1670
4.3969
4.2701
3.5528
3.2035
4.0021
3.2633
3.3694
4.3516
3.6667
3.7493
4.6349
3.1987
4.2229
3.4737
3.0183
3.6196
3.9825
3.7762
3.9449
4.1961
3.1696
3.3373
3.9215
3.3432
4.3996
3.7024
2.5418
2.6512
3.3785
4.0047
3.1155
3.4566
3.6515
2.8121
3.6998
3.7206
2.8512
3.5890
4.1091
3.9636
3.3051
3.7605
2.9086
2.8216
3.5295
3.6604
3.1262
3.5518
3.9512
2.9320
3.2256
2.8826
2.9967
4.1676
3.5043
2.9464
3.5581
4.9320
3.7941
2.3492
4.4740
3.5266
3.4796
3.1922
2.7780
2.8847
2.7645
3.4101
3.0450
2.9359
3.7718
4.1883
3.8228
3.5893
4.0930
3.1097
2.5144
3.9927
4.0566
4.5469
3.8259
2.8462
3.5645
3.1670
3.1368
2.4689
2.8301
3.8374
4.2105
2.8581
3.6919
2.5892
3.8441
2.3369
3.7742
3.5761
2.7835
3.2110
3.5896
3.9105
3.5622
4.1053
3.5997
3.5814
3.2314
3.8750
4.0969
3.9011
4.2537
3.7701
2.8021
4.0363
3.9540
3.2716
3.4818
3.6611
3.5341
3.7216
4.3239
4.2118
3.6478
1.5195
4.1102
4.3179
4.4774
3.0431
4.4324
3.7610
1.7593
4.0642
3.1168
3.1343
3.5562
3.6431
4.1611
3.7537
3.3082
3.6923
3.1452
3.2781
4.7486
3.3523
3.3853
2.7654
4.1750
3.3539
3.8714
3.3833
3.8232
3.1909
3.8175
2.9317
2.7301
3.9929
3.4071
3.8126
4.5538
3.3217
2.9448
3.1245
4.2978
4.5134
3.8244
3.2829
3.5829
4.5313
3.8003
4.6196
3.8110
3.8612
2.8716
3.1505
2.8901
3.9806
3.2931
3.1123
2.7387
2.5996
4.0374
3.2159
3.3644
4.0043
3.4955
4.5943
4.2556
4.1042
3.7601
3.1892
3.3029
3.7878
4.1017
3.9577
4.1095
2.9216
3.6772
2.7268
4.1022
3.8337
2.2177
3.9155
3.7147
2.9944
3.7019
3.0337
3.2794
3.6395
3.4032
3.3457
2.6834
2.1015
3.4369
4.2331
3.8307
3.0676
2.6929
3.2895
3.5101
2.2858
3.5120
3.6180
2.8116
3.7050
3.3563
3.3794
2.8771
3.3972
3.8107
4.0605
3.6609
3.9285
3.6797
2.6931
3.3845
2.2692
3.0508
4.2040
3.1623
3.4315
3.9476
2.8370
2.9298
2.5554
3.4254
3.6568
3.7010
1.8630
4.4948
4.0401
3.4192
3.7789
3.0994
3.0699
3.7199
3.5597
4.1570
3.4967
3.8998
3.2867
3.0780
3.4925
3.4767
3.1542
2.7811
3.1648
2.2952
3.0826
3.5510
3.9126
4.1237
3.6089
2.8739
3.6921
4.0260
3.7995
3.8116
4.1354
3.5806
3.5316
4.7580
4.0965
2.6315
2.6556
4.2408
3.8191
3.1309
1.7038
3.3551
2.3575
4.3832
3.3137
3.3517
3.2103
2.7099
3.1734
3.0224
3.8917
4.0546
3.6235
2.7340
2.8975
4.1497
4.0307
3.3148
1.9692
3.5165
3.8430
2.9801
4.5883
3.8615
3.6157
4.5932
3.5086
3.5119
3.4821
2.4577
3.0655
3.4413
2.9648
4.3004
2.9630
2.9827
3.7173
3.2315
3.2327
0.5000
3.8186
3.2085
2.9001
2.9115
3.3894
2.0287
4.1560
3.5367
3.7445
3.5322
2.7964
3.6077
3.9347
3.0153
3.3148
3.2283
4.3959
2.7266
3.8745
3.0527
4.0734
4.4404
4.1551
2.3407
4.2223
3.0723
3.1279
3.9756
2.9296
4.6013
3.6863
3.1261
4.2594
2.8572
4.0433
3.4344
3.8265
3.8135
3.1841
1.8766
3.5775
3.7303
2.9392
3.5384
3.8752
4.4141
3.8632
4.0247
2.9148
3.2362
3.6679
2.5940
4.2479
3.0784
3.8693
2.7836
3.2462
2.2828
3.9404
2.3346
4.0787
3.4174
3.7243
3.9135
3.6505
2.8793
3.0436
2.6443
3.8185
3.4621
4.2370
3.6906
2.9557
4.2055
4.1257
3.5216
2.3027
3.6571
3.4431
4.3604
3.4053
2.8572
4.5023
3.5779
3.3580
3.3805
3.5741
3.4696
2.3252
2.7177
3.2673
2.3481
3.4963
3.6494
3.2422
2.2119
4.5571
3.2646
3.4073
3.5882
3.4009
0.7975
3.6344
3.0867
3.7865
2.8279
3.9207
2.6998
3.4322
3.3174
3.9164
1.2341
3.6577
3.4573
3.4680
3.2281
3.1946
2.4604
3.6968
3.5511
3.2095
4.2267
3.2558
3.6970
3.1942
3.7592
3.7641
3.6043
4.1456
3.7809
2.9741
3.3315
4.3746
3.2418
4.0140
3.2210
2.8244
4.1259
3.5315
3.4842
2.8463
3.7884
3.1839
3.8629
3.4453
4.1605
3.3573
3.3678
3.7743
2.6825
3.4861
2.6943
3.4836
3.2236
3.4852
2.3858
4.2095
2.4388
3.7079
3.9465
2.6880
2.5635
3.2455
2.9195
3.2570
3.6011
3.0788
3.5282
3.0013
3.4716
3.3386
3.5063
2.8776
3.5121
3.9982
3.1263
3.6033
3.8753
2.5816
4.1839
3.5227
3.5597
3.1634
3.3286
3.0022
3.4199
4.0555
4.0639
2.9747
3.9592
2.0561
4.1559
3.3834
3.6220
3.6941
4.0187
2.9498
3.7681
3.7154
3.9045
3.7495
3.2490
4.1246
4.2242
2.7282
3.4099
3.6210
4.2392
3.1194
3.2892
3.2072
3.3849
4.2581
4.3578
4.0053
2.9204
3.3546
4.5975
3.5325
1.9624
3.3364
3.6477
3.2787
3.3222
4.0576
3.5245
3.6234
2.7111
3.1642
3.4746
3.9218
3.5178
3.7106
2.9899
3.2269
3.9209
3.0642
3.2415
3.5053
4.0120
4.0392
3.9464
3.4076
3.2587
3.7801
3.4371
3.5200
4.1847
3.7291
4.0904
3.6556
2.3595
3.9365
4.1122
3.4552
3.9813
4.0023
3.2888
3.8767
4.2691
2.7072
4.6863
4.1216
2.7348
4.1931
3.6564
2.8958
3.5561
3.6482
4.4288
4.8015
1.8611
3.8312
3.9509
4.2108
2.9299
3.6393
2.5129
4.1185
3.3484
3.8730
3.1059
2.7677
4.2377
4.1951
3.2294
3.6359
4.6989
3.7581
3.8407
3.7472
3.8403
4.1287
3.4507
3.6527
3.3069
2.8895
3.7375
3.2507
4.0251
2.5619
3.8551
4.4743
4.1762
3.5540
2.6546
3.2670
3.7569
4.0977
3.4505
3.9929
3.2621
3.4279
2.7173
2.7957
4.8416
3.7571
4.8579
3.4239
3.8920
3.0984
4.2383
2.9098
4.3847
3.9371
3.6535
2.4174
3.3615
3.0991
3.6843
4.1481
4.0058
2.7346
3.1782
4.1339
3.4840
4.2421
3.3402
4.1848
3.0721
4.3582
3.1923
2.8160
3.7207
4.0496
3.8385
2.9239
3.7200
4.2329
4.4894
4.3053
3.1874
2.6990
2.7332
3.4270
3.1919
4.4750
3.5450
3.7195
4.3737
2.8087
3.9428
3.0676
2.7198
2.6302
4.4136
4.5961
3.8715
3.9432
3.0675
3.5925
4.6937
3.7119
4.4978
4.2865
3.3807
3.4760
3.4681
3.4573
3.7478
3.0754
3.5245
2.4055
2.0750
3.3657
2.9482
3.1815
3.7178
3.5587
3.3270
2.9110
2.9434
3.4541
3.9624
3.6414
3.6514
2.8200
3.7514
3.7057
3.1427
2.9669
3.0997
3.5177
4.1634
3.8448
3.3374
3.8325
3.7801
4.5780
3.8401
3.6284
3.6776
2.7116
3.0805
3.2243
3.8663
3.7942
2.2895
4.7235
3.1660
4.5493
3.3423
3.6801
3.6222
3.8701
3.6127
4.2196
3.2328
3.2300
1.9343
3.5960
3.7471
2.8138
3.6629
4.8790
4.6068
3.7719
4.2142
1.7501
2.1373
3.4418
3.3116
3.7844
3.0203
2.9811
3.5508
2.5390
3.8926
3.6046
3.6940
3.8089
3.6191
4.6704
4.2023
3.6579
3.9778
3.5680
3.4134
4.0780
2.5466
3.6188
3.9092
4.0240
3.4575
3.6405
3.2666
3.6420
3.2479
4.0168
3.0305
2.5684
4.2632
3.3501
2.7415
4.2265
3.0900
3.3498
2.5280
4.4124
4.1493
3.8959
2.5916
4.2210
3.0871
3.5702
3.2376
3.0707
3.2366
3.9069
3.3396
4.0519
3.5603
4.0667
2.7656
3.7879
4.2419
4.5391
3.9139
4.5150
3.4381
3.7304
4.0216
3.6640
4.0920
4.1610
3.7340
3.5385
4.3133
3.6053
2.5288
3.1922
3.6194
2.9180
2.9629
2.4140
3.7783
4.3234
2.4074
3.4732
3.3792
3.7080
1.6732
2.6918
4.4794
3.3205
3.7949
2.7813
3.3580
4.0244
3.4630
4.5770
3.7072
3.1316
3.5436
3.5149
3.7971
1.9069
4.0572
3.0500
2.6695
3.4876
3.5280
3.6713
3.4208
3.2102
4.1706
4.7234
3.2441
4.2346
3.1186
2.7536
4.2569
3.7050
3.0287
4.0161
3.4149
3.8051
4.0394
3.5766
2.8746
4.4993
2.6414
2.9644
4.0781
2.4959
3.7878
3.1795
4.0583
4.2144
4.2394
3.6713
3.3998
4.1322
4.3809
3.4602
2.8869
2.6871
4.4220
3.1911
4.8525
3.8284
4.2134
2.9912
2.8390
4.0697
1.7599
4.6559
3.5997
2.9555
3.0596
3.5431
3.3871
3.3721
3.5160
4.1739
4.2602
3.5783
3.7793
3.8646
3.7530
4.0020
3.4453
3.5843
3.0459
3.3315
3.1626
2.9346
4.0267
3.6064
2.8077
3.7432
3.5420
2.0283
3.6863
3.1734
3.9005
3.4398
2.4722
3.7090
3.8010
4.0793
3.4730
2.9596
3.0012
3.4137
2.7185
2.3086
2.6884
3.5483
1.7776
2.8330
3.4432
3.7365
2.9825
2.9709
4.8336
3.5950
2.8905
4.4493
4.1730
4.1653
3.5770
3.4055
3.2481
3.9059
3.4486
3.9403
3.6215
3.6972
3.6574
4.5889
4.0364
3.2024
2.9557
3.6840
2.9729
3.5599
3.8027
4.1456
3.3192
3.0744
4.4471
3.4009
4.0494
2.8940
3.7049
3.3391
1.9209
4.1750
3.2056
4.6509
2.9416
4.0359
4.4189
4.3969
3.7720
3.9706
2.3425
3.4949
4.1571
3.8274
3.9501
2.9062
2.3839
4.3252
2.9936
3.4469
4.5810
3.5811
4.3138
3.4934
3.6679
3.3417
3.3782
3.0135
3.5804
2.5597
4.0406
4.4539
3.7045
3.8880
3.7617
2.7691
3.7307
2.7663
4.0306
3.4342
4.2802
3.4161
3.4992
3.8259
3.1790
3.7200
3.6086
3.4732
2.2608
3.3861
3.8847
3.8375
4.3571
3.7727
3.3522
3.9414
2.7840
2.4421
2.6047
3.8834
1.9552
4.0526
2.6389
4.3124
3.6650
3.8879
2.6240
3.5489
3.8720
3.9851
1.9401
3.8703
3.1954
3.7111
2.8646
2.9220
4.4932
3.7713
2.8207
3.5108
4.5336
3.6746
4.0114
4.1436
3.2445
3.4212
3.3327
4.3781
2.9911
3.7841
3.4160
3.2830
3.4567
2.0462
4.2320
4.1883
3.2815
3.1572
3.5647
3.9147
3.6788
3.7519
3.2807
3.7124
4.8298
3.2154
3.9319
4.3674
3.9375
2.3171
2.7397
2.8188
2.4968
4.2342
4.0063
3.0848
3.4549
3.8367
3.0119
3.6857
4.0764
3.3275
4.5196
3.6501
4.3416
3.6481
4.0546
4.4659
3.4965
2.2782
3.8378
3.1582
3.8878
2.8583
2.3838
2.9580
3.0560
3.8765
4.5114
3.3089
2.5046
4.2573
1.9059
3.8239
3.4315
2.9327
4.2233
3.6854
3.2412
3.1493
3.6935
3.6749
4.1601
2.5070
3.8993
4.0666
4.3574
3.4791
3.8550
2.9918
4.4709
3.2753
4.4726
4.1006
3.2712
3.8091
4.4734
3.2696
4.1578
3.0031
3.6120
4.2554
3.7806
3.7105
4.0418
3.0824
3.5404
2.5864
3.8064
3.8138
3.6496
3.6185
3.3247
3.4095
3.6019
3.3358
3.3295
3.2916
3.9212
4.2241
3.4133
2.5746
3.4029
4.1036
3.8019
2.6041
4.2166
2.2476
4.6412
3.4008
3.4770
2.5873
4.1016
4.3710
2.0330
3.2075
3.5959
2.8718
2.9869
4.2274
2.8299
3.9152
3.9776
1.8582
3.0606
3.2994
4.1419
4.5601
3.4573
2.5034
3.9479
3.7784
3.6115
3.1838
4.2483
3.4797
3.3327
3.0330
3.3739
4.0969
3.0231
3.0873
4.3116
3.3855
3.7599
3.7531
3.7231
2.7713
3.2351
4.0209
3.6723
2.7404
4.0764
3.1986
3.5330
2.8463
3.1415
1.9637
3.4205
3.0539
3.7873
3.8027
3.7246
4.0096
2.6213
3.4860
3.3686
3.3090
2.9252
4.5810
4.3007
3.3987
3.8796
3.7551
4.0888
2.2965
3.5922
3.6502
3.5416
3.7047
3.7058
2.4528
3.4533
2.2829
3.7800
3.6494
4.1241
4.0738
3.7483
3.7265
3.4453
2.6313
3.7825
3.4813
3.9794
4.5610
3.0722
2.6936
3.5442
3.4114
3.5903
4.1601
3.5886
4.3197
3.2049
2.3744
4.3056
3.2596
3.3944
3.9121
2.5559
4.0320
3.6230
3.0224
3.9645
4.0541
3.9104
3.8617
4.2808
2.9641
4.2628
3.4633
3.8737
3.9902
4.0568
2.9373
3.1462
4.4187
2.9941
4.3390
2.8680
3.9256
3.3181
1.8614
3.7648
3.7385
3.5227
3.6994
2.6601
4.1083
3.0382
3.9396
4.1369
3.3573
3.7077
4.5471
3.5295
3.3235
3.6367
3.1720
3.7982
4.0748
3.7782
3.6858
4.0367
3.9446
2.8121
3.3368
3.7887
3.3311
3.3387
3.7307
4.2272
4.1358
3.3778
3.9465
3.3920
3.4561
3.0077
3.8813
4.1559
3.1940
3.9374
3.5267
3.1112
3.6406
3.2798
3.3189
2.5174
3.5685
3.6012
3.7431
4.1156
3.5217
3.1710
3.9599
3.8985
3.4388
3.1159
3.4672
3.0371
3.8135
4.1898
4.2461
4.0306
3.0493
3.8759
3.5693
4.0026
4.2513
4.3115
4.1334
3.0411
4.2847
3.2863
3.7604
1.6936
3.5167
3.5641
3.3535
2.1938
3.7551
4.6571
2.9551
3.5830
3.9284
3.0520
3.4525
2.6546
3.2902
1.9345
3.1340
2.5919
3.2833
3.2779
4.1070
3.6543
2.7938
2.4222
3.2829
2.6763
3.4308
4.4228
4.4592
3.0115
2.2023
3.8717
3.9733
2.6987
4.2239
3.4545
3.6302
4.0138
2.5214
3.1142
4.3565
3.8416
4.2093
3.5509
2.8044
2.8014
3.3881
4.1268
3.4962
3.4401
3.6649
3.8260
2.5715
3.6084
3.7039
3.8832
3.7820
3.7624
3.0903
3.4968
2.9974
4.4322
2.9483
3.5686
3.9690
3.4567
3.4184
3.9448
3.9526
4.2281
3.2479
3.2384
2.2559
3.3729
3.7428
3.5440
4.0684
4.7751
3.9895
3.4803
3.9228
4.6239
4.1396
3.0933
4.0373
3.5358
4.2026
3.7583
3.0862
4.0060
3.8647
3.5702
3.7348
3.1645
2.8685
4.2876
4.5969
2.8207
3.6517
2.8362
4.6901
3.4186
4.1333
2.9893
2.9165
2.8667
3.4825
3.2027
3.1561
3.2708
3.5343
3.1999
3.3529
3.5328
3.8158
3.7693
3.7200
3.9121
4.0246
2.7823
3.6048
2.1373
3.8506
3.1181
3.2896
4.0372
3.5680
3.5051
2.4540
2.7164
3.9385
2.0406
0.5000
3.1967
3.9974
3.3682
3.3638
4.1877
3.9688
2.3308
3.6896
4.2731
3.8987
4.3874
3.7214
2.7870
4.1898
4.1528
3.3279
4.2926
3.6880
1.8960
3.5015
3.3730
0.5000
4.0479
3.5249
3.7729
3.8984
3.4789
3.8691
4.6699
4.2850
4.0122
4.4702
3.1804
3.5265
3.5497
1.8976
3.7743
3.1440
4.1916
3.8691
3.9860
3.3756
4.5712
3.4844
2.9683
2.9848
3.3980
4.4544
3.4635
4.0796
2.8747
3.0072
4.2073
4.3797
3.2416
3.7373
4.0325
4.0743
3.7543
2.3964
3.6091
2.9391
4.0407
2.9483
3.7134
4.1658
3.7112
3.1819
3.6648
3.5590
3.7006
3.5424
3.9553
2.7419
3.7015
3.4466
3.7730
4.1058
3.5042
3.3517
4.1213
2.6782
3.1518
4.0370
2.7850
3.4918
3.8995
3.7741
4.5127
3.4897
3.0827
3.2349
4.3790
4.3898
4.0729
3.2412
4.2192
3.2022
4.7230
3.9584
3.7097
3.0639
3.4591
2.8378
4.0728
3.9224
3.4637
4.0916
2.3356
4.2414
4.0542
3.3630
3.7372
4.1063
2.9894
2.9930
4.5243
3.6265
3.4155
3.2228
3.9032
4.2324
4.1661
3.6430
2.9826
3.9150
4.4075
4.2170
4.2969
2.9461
2.7768
3.8139
4.1056
4.3672
3.2532
3.9742
4.2002
3.0638
4.2362
3.2301
3.3373
3.9631
3.0830
2.9605
3.5016
4.0389
4.0034
3.3087
3.2035
3.3355
3.3357
2.5516
3.8579
4.7274
3.8918
4.5929
3.5556
4.0699
2.9032
3.4782
3.0840
1.1876
3.2690
3.9347
2.7293
4.0665
4.1179
3.6015
3.8570
2.5570
2.4657
4.2682
3.9005
3.7456
3.6540
3.3941
4.0390
4.0666
1.9924
3.1447
3.6902
4.1891
3.8362
3.5064
2.7370
2.6137
2.1057
3.0376
3.2057
3.8825
2.5350
3.9613
3.3310
3.2408
4.1356
4.6085
3.8251
3.7845
4.1161
4.4554
3.5295
3.5295
3.2050
3.1778
4.3029
3.1730
4.3310
3.4044
3.5973
3.6961
4.0233
2.1733
3.4945
4.0648
3.5162
4.3220
3.0544
2.2730
3.8891
3.4982
3.7934
3.5770
3.0000
2.4321
4.0830
2.8801
2.4015
3.7945
2.8341
3.3200
3.0109
3.5065
3.3371
3.6954
3.0309
4.4303
3.7718
2.2148
3.0140
3.2758
3.7545
4.0726
3.6778
4.1310
3.1762
3.2159
3.9905
3.3439
3.7734
3.7001
2.4027
2.9261
3.9241
3.6357
4.0324
3.8205
2.7176
2.4258
4.0871
2.9325
4.1123
2.6046
3.2738
3.0437
1.5025
4.1008
3.7716
3.0841
3.2486
2.8439
3.6036
4.2694
3.1245
3.9660
3.7147
3.8808
4.1729
2.8150
4.0133
2.8315
3.5066
3.4227
3.3565
3.6296
4.6508
4.5883
2.5970
3.5628
3.2522
4.1273
3.3954
3.5958
3.5799
3.7179
3.1370
2.9339
3.5180
2.9979
2.2435
3.7071
3.6920
3.7604
3.2160
3.9742
3.1092
2.7981
3.1125
2.9660
3.3625
3.2057
1.8445
2.8180
3.3041
3.0676
3.8045
2.7494
3.6753
4.4922
3.3220
3.8363
4.3394
3.9466
2.8872
2.8669
3.4097
4.0639
3.6839
4.1640
3.7754
3.6775
4.4385
3.7711
4.0410
3.7488
2.9923
3.4355
3.2525
3.2353
3.4428
3.6082
2.2785
3.8546
3.1138
3.9740
3.2746
2.9525
3.6669
3.3073
2.7126
4.5545
2.8560
3.8781
3.4811
2.8186
4.6070
2.9591
2.7629
3.2959
3.6659
3.7066
4.0040
3.3351
3.2211
3.4632
4.6063
3.6350
3.2462
4.0754
4.0437
4.0664
3.1230
3.2452
3.4799
3.4872
3.6763
4.0457
3.5430
4.6322
4.1704
4.2216
3.7993
2.2160
4.1116
4.4030
2.1729
3.1821
3.4383
4.0893
2.7284
3.0097
4.2255
4.3597
3.7671
4.0985
3.8326
3.8119
3.2997
3.8572
3.6013
2.8359
3.8097
4.0386
3.5204
3.2383
3.7076
3.5927
3.1380
3.2128
3.1304
4.3928
4.0298
4.2176
3.2648
3.7170
3.6800
3.9471
4.6004
4.1767
4.2982
3.8760
3.3656
2.9348
4.5559
3.6333
3.2086
3.3504
3.6531
4.5810
3.4904
3.0025
3.5797
3.2390
2.9045
3.4714
3.4795
4.0373
2.9613
3.4190
3.1974
4.5382
3.8579
3.1929
3.8520
4.3599
3.6961
3.0949
3.5934
2.6410
4.0933
3.3685
3.9760
3.9277
3.8373
3.3655
2.9900
3.3313
3.6510
3.1466
3.6081
3.8356
3.5099
3.1413
3.3311
3.9931
4.1689
3.4258
3.6626
4.2804
3.9921
3.8636
4.1486
4.5918
3.4126
3.9365
3.0816
3.8938
3.9081
2.1479
4.2903
3.9575
3.9765
3.3765
3.7224
2.9038
3.7682
2.9975
3.0978
3.8009
3.3287
3.4718
3.3312
3.8049
3.3682
3.7646
3.6904
3.3178
3.6805
3.7919
4.6762
1.6381
3.5207
2.8126
4.3400
4.2968
4.4518
3.1545
3.3691
2.7164
3.5630
3.4799
4.1048
3.6443
3.6769
2.9010
3.6572
4.1463
3.3332
3.6176
3.8343
4.4122
4.0560
3.3693
4.3387
3.9864
3.1595
3.8395
3.5455
2.9556
3.0579
3.5793
4.3020
2.9356
3.1781
3.3593
3.4856
3.6602
3.1492
4.0921
4.5255
3.8461
4.5120
4.5734
3.6829
4.5122
3.6288
3.4428
4.0280
2.7318
4.2331
2.7311
3.4757
2.7861
3.5428
3.7017
4.6519
3.8236
3.2070
3.7977
2.8955
4.3593
3.0351
3.0983
3.9911
3.7134
3.6414
3.8761
3.5856
3.8650
3.9207
3.3261
4.3197
3.7217
3.9924
2.9736
3.7833
3.6079
3.7487
3.7172
3.5465
3.7456
1.9778
3.4818
2.9601
4.2309
4.1004
4.0119
3.2415
3.7279
3.7594
2.7734
3.9363
4.0037
4.3132
3.2484
3.8371
3.2596
3.6140
3.2517
4.0447
3.6894
3.8912
3.9671
3.1691
2.8683
2.4278
4.0237
3.4742
3.2280
3.6671
3.2777
3.0270
4.0188
3.6497
4.0921
4.3754
4.2504
3.9135
4.4054
3.8725
2.1256
4.0922
4.0866
4.3881
4.1781
3.1454
3.6950
3.0989
4.0069
4.0604
3.4706
2.9254
3.3554
3.3294
2.0983
3.9406
3.6000
4.4922
3.8943
4.2690
3.6584
2.9806
2.8617
4.3472
4.6654
3.4839
3.0005
3.8397
4.0814
4.0509
3.4561
2.8578
3.8691
2.3798
4.4627
2.3111
3.1965
3.0661
4.8927
2.9797
3.0757
3.1048
4.2547
4.4225
2.5663
3.1792
3.4771
3.5817
3.1550
3.4184
2.8861
3.7909
4.6126
4.0822
3.5486
4.5180
3.5796
3.2190
3.6619
4.3843
4.0085
3.3483
4.4981
2.9853
3.9762
3.6324
3.6822
4.1024
4.0424
2.6774
3.9910
3.7674
3.4983
4.9479
4.1034
3.5495
3.4253
4.4324
3.9072
3.1496
3.0006
3.5914
3.2209
4.4343
3.5211
3.3346
4.0420
3.4752
3.4747
3.5417
3.8467
4.2644
4.0514
3.2685
2.8396
2.9373
3.7548
3.5710
2.8548
4.0046
3.5549
4.0271
3.9528
3.4481
3.8510
1.2781
3.6816
3.5895
2.6822
2.9287
2.4352
2.7234
3.0261
3.3169
3.2488
4.8187
4.0157
3.2993
3.4041
3.4805
3.1034
3.8400
4.3736
4.4803
3.8129
3.9572
3.2482
4.0150
4.0834
3.6465
3.9582
1.9537
3.2618
3.5009
2.5453
3.3234
3.8709
3.9737
3.1394
2.8585
4.0708
3.8525
3.7592
2.9333
4.1783
3.8432
2.7945
3.6916
3.2786
3.5626
3.0727
4.5419
4.2743
3.1408
3.8903
3.4679
3.9603
2.9889
3.5677
3.9603
3.4990
3.7982
2.1848
3.0405
3.5220
4.4497
3.4934
3.5379
2.8086
3.1148
3.5233
2.6974
3.2947
3.7054
2.9108
1.9119
4.4513
3.7153
3.8381
3.2715
3.7089
3.3437
3.0751
3.7364
4.0872
3.3969
4.0453
3.0207
3.4736
3.9525
3.5624
3.3142
3.6807
3.7251
4.4028
4.2201
2.6454
3.5133
3.6326
3.4604
2.9863
3.5044
3.4113
3.8268
4.3988
3.8174
3.9876
4.2302
3.5627
2.9715
3.6116
4.0893
3.8819
4.1524
2.9721
3.2873
2.9580
2.3466
4.2767
3.2101
3.6865
3.9006
3.4757
3.9039
3.8159
1.6997
3.6743
3.9215
4.2198
2.6609
3.2913
3.2005
3.3988
3.6409
2.7919
4.2163
2.3242
4.0070
3.3522
3.8190
4.8945
3.7298
2.7247
3.9655
4.8743
3.8114
3.2810
4.4732
4.1261
4.0580
2.3409
2.7804
2.8398
3.6683
3.5552
3.8851
2.9729
3.2566
3.3201
3.1511
4.8028
4.4337
3.7238
4.1522
3.1710
2.9845
3.3399
3.2786
3.7337
3.3537
3.3930
3.9608
3.1416
3.5875
4.7563
4.2038
4.0994
3.6987
3.6925
3.8662
3.0751
3.3743
3.8388
4.1260
3.7133
2.5732
2.6506
3.6504
4.0499
3.1706
3.2223
4.0098
1.8678
3.5817
4.3777
3.6581
4.6210
3.8673
3.5419
3.2107
2.9515
3.4039
3.4670
1.9493
4.1625
3.5417
3.0604
4.7962
3.7232
3.4135
1.8803
3.0738
3.0584
4.0951
4.3019
3.9360
3.4188
2.8394
2.8321
2.4043
3.7806
2.4737
3.8264
3.6103
3.3327
3.3394
3.6694
3.3162
3.5579
4.0819
4.1560
3.1552
4.0024
3.5958
4.1018
3.8094
1.1367
3.9197
2.2584
2.8117
2.9747
4.0364
3.2304
3.2317
4.0440
3.1197
3.3001
3.7093
4.2894
3.6718
3.8397
2.7077
3.3364
3.3037
3.6777
3.3137
3.8156
4.7123
3.2974
4.2848
3.1998
3.6348
3.9021
3.8892
3.5177
2.6210
3.7910
4.7357
3.8486
3.0045
3.5391
3.3902
3.0713
4.4984
3.9371
1.4181
3.9111
4.5934
3.2348
3.8787
4.4171
4.1146
3.3253
4.7081
3.7002
3.3728
3.9215
3.3324
3.8328
2.9267
4.0433
3.0536
2.6426
3.4364
3.3700
2.8878
2.4040
3.3182
4.1907
4.6347
5.0000
4.0728
4.1864
3.7092
3.8271
2.4231
4.3794
3.0586
5.0000
4.0727
3.6090
3.9038
3.4813
3.2744
3.7843
2.6507
3.7164
2.8500
3.3106
4.6600
3.2264
3.4411
4.2596
2.9976
2.9721
3.6236
3.6904
3.8250
3.5024
4.2678
3.7126
4.4650
3.4057
2.2566
4.0557
3.4921
3.8438
4.6777
3.7330
2.7124
3.1192
3.4587
3.4694
2.9671
4.1258
2.9649
4.0783
2.9165
2.9616
4.1620
3.5794
3.1784
2.2747
2.8776
3.6912
3.7318
3.6536
4.4106
3.3899
3.7145
2.9255
4.4157
3.6983
3.9781
4.1175
3.2963
2.5457
4.0607
2.8474
4.3273
2.6696
2.9136
3.4827
1.6823
3.6267
3.0282
2.9919
4.5338
3.3053
2.7758
4.7256
3.7980
3.3948
3.7489
3.8057
3.2662
4.0681
4.1861
4.1086
3.1558
4.0808
3.6892
3.5243
3.5893
3.5712
4.0425
3.2613
2.7444
2.7502
3.5206
3.7294
3.2179
4.2319
3.6321
3.4125
3.9419
2.8178
3.6832
3.6842
2.8224
3.6911
2.9154
3.5246
3.5953
3.6182
3.6162
3.6253
2.8033
3.8468
2.8837
2.8474
3.6178
2.7767
3.1490
3.5488
3.0790
3.6615
3.1032
3.5993
3.6112
3.8569
4.4636
2.8284
4.1996
3.6981
3.4605
3.8283
4.4651
3.8324
3.4313
2.9431
3.6268
2.7866
2.8610
3.5816
3.8160
3.5192
3.8432
3.5891
3.7448
3.4446
3.5466
3.4105
3.3571
4.1717
3.2274
4.1730
3.0965
3.2280
3.6048
3.5797
3.8837
2.9806
3.0809
4.5897
2.9040
3.8008
3.9634
3.2739
3.8434
4.1441
4.7212
3.6708
3.4579
3.7565
4.2771
2.6131
3.3807
3.4718
2.6890
3.7612
3.9424
4.0593
3.5239
3.9206
4.3531
4.4066
4.2628
3.8438
3.6090
3.8810
2.5642
3.9782
4.6892
2.7874
3.4833
4.0596
3.9202
3.7610
3.6876
3.5308
3.1229
3.3029
3.0920
3.3845
4.7869
3.1981
3.8627
4.4225
4.1017
3.6538
3.4691
3.6505
2.2443
2.6944
3.8272
2.8539
2.9429
3.4457
3.4528
2.9068
4.2563
2.8807
4.3964
2.5877
3.9836
3.5347
2.8508
3.8770
2.6188
4.0662
2.8981
4.3566
3.0693
3.7934
3.4029
4.1967
3.4328
4.2535
3.4522
4.2160
2.5466
2.5241
4.2652
2.4480
4.8604
4.5873
2.9625
3.7965
3.3698
3.5813
3.3050
3.6005
3.3732
2.7450
3.7160
3.9700
4.2621
3.6819
4.5391
3.4525
3.2177
4.2176
3.5501
3.2610
2.7166
2.9396
3.4101
2.9265
3.3913
4.6980
4.5668
3.7060
4.0909
4.1012
3.0872
2.9699
4.4256
3.1210
3.1613
3.8705
3.1561
2.8529
3.6239
3.7840
3.6967
3.2830
4.3217
3.7154
2.0875
3.6361
3.6549
4.1896
3.2393
3.4258
3.8396
2.3771
3.4263
3.0371
3.9973
3.0653
3.3894
4.2352
3.0497
3.3502
3.3418
3.3471
3.5189
3.3207
2.8455
3.5196
3.6348
1.5830
3.8412
3.2315
2.8794
2.9222
2.3825
2.5899
3.8934
3.2233
3.6123
3.7586
3.6535
3.1228
4.1637
2.5297
4.0240
2.9969
3.7126
3.1275
3.7261
2.1875
3.7885
3.8813
4.2035
4.2918
4.1595
2.8890
2.7861
3.1238
4.0735
3.8795
3.1040
4.1099
3.6201
3.9401
2.4680
3.5295
3.2139
3.3204
2.8068
4.0758
3.6977
3.5545
2.4472
3.7354
4.2294
3.6563
4.3634
3.4213
3.8357
3.8884
3.2722
3.9530
3.3624
3.3391
3.6917
3.1187
3.4871
3.4653
3.3003
3.9042
3.2441
3.7372
3.4165
3.0928
3.7458
4.2501
3.3460
3.6145
3.8592
3.2067
2.9868
3.2865
4.0741
2.9256
4.0797
3.8537
3.2445
2.5318
3.4112
3.7867
2.7529
3.6833
4.0226
3.5334
3.1527
3.4834
1.9992
3.2443
2.6209
3.2842
4.3293
3.9230
3.1347
4.1236
4.1812
3.6295
2.3987
2.7901
2.6957
3.5323
3.5587
3.6330
3.3488
3.2551
3.4294
3.7800
3.4175
4.0557
3.0469
3.4188
3.7422
3.0580
4.0713
3.9923
3.4407
3.9797
3.9684
3.3593
4.1196
3.8713
4.0900
4.2190
3.9066
3.1685
3.4273
3.2228
2.7780
3.7168
3.3180
3.5318
4.4581
4.2397
4.0293
4.2510
3.2143
3.6754
3.5648
4.3512
4.2798
3.8409
3.3736
3.4307
2.8824
3.3242
2.7130
3.2486
3.9976
2.6281
3.1415
2.8511
3.1392
4.0126
4.0341
2.7317
3.8197
3.4570
4.2759
3.6498
3.2332
3.7763
3.9110
3.6148
3.8849
3.6437
1.9818
3.5967
4.0089
2.6143
3.9551
2.6002
3.5838
3.9180
3.6037
4.1932
3.5272
4.5473
3.1112
2.6137
3.2610
3.7863
3.2960
4.1187
4.0511
4.1889
3.7600
2.8302
3.1559
3.8363
3.9168
3.9121
3.0341
3.1043
3.1261
4.1491
3.9844
3.1365
3.8811
3.4602
3.4174
3.9150
3.4004
3.5857
3.5891
3.8815
3.3211
3.0749
3.5210
3.3913
3.0458
3.1496
3.4797
3.2542
3.1172
3.5907
3.3509
3.3457
3.6063
3.3167
3.8448
4.3727
4.2320
3.6414
3.8189
3.7999
4.0353
4.1054
3.5869
3.8039
3.9742
4.3044
3.3543
4.3588
4.8153
4.3453
3.4666
2.9379
2.8920
3.5326
3.4943
3.0704
3.6640
3.7248
3.6548
4.1891
3.3517
3.3491
3.3880
2.9452
2.7702
2.5157
4.0924
2.3864
4.4853
3.2199
2.4860
3.1244
3.7949
4.0285
3.4068
3.5233
4.6388
2.4094
2.1435
4.1575
2.8591
3.0375
3.3446
4.0814
4.0274
2.9722
3.8905
3.2493
2.8736
3.9632
3.5734
2.8350
3.0757
4.2421
3.7658
3.4161
4.0192
4.2458
4.4941
3.5263
3.7332
4.2712
3.7020
4.1281
4.1280
2.7604
3.6790
3.7169
3.4144
3.1418
3.9815
2.6518
3.4349
2.6458
2.4885
3.3693
2.3243
3.7785
4.0305
3.4150
3.3921
3.5488
4.2457
4.2810
2.0491
2.8900
2.8474
4.1908
3.6010
4.0862
3.9554
4.0823
4.1844
3.2460
1.9691
4.4339
2.1441
2.5213
3.2908
2.4206
3.2589
3.9068
3.9136
3.0782
5.0000
3.3851
2.9203
4.5054
3.1178
3.9005
3.8168
2.6392
3.7788
3.5050
4.0339
3.4985
4.2495
4.1828
3.9631
4.2318
4.4970
3.8140
3.2086
4.3969
3.5196
3.6185
3.4408
3.4840
3.5501
3.6105
3.9357
3.2550
4.0547
3.0292
3.5571
4.0449
3.7171
3.3743
3.7428
4.2310
3.4423
3.3282
3.6260
4.5097
3.6608
3.4976
3.6902
4.0413
3.9285
2.9456
3.8535
2.8902
3.1575
2.4931
4.0701
3.3766
3.4931
3.5696
2.8888
4.5669
3.4076
4.2398
2.2539
3.3880
4.0253
3.2663
3.0296
3.1564
2.1544
4.0307
3.8837
3.3182
4.1468
3.3633
3.7056
3.7478
3.6952
3.6682
3.1308
4.1053
2.4286
3.5080
3.0282
2.8514
3.0684
2.7655
3.4610
3.0620
3.7573
3.0895
3.7538
3.2856
1.5835
2.4951
3.3575
3.9470
2.8256
4.0789
3.8265
3.9702
4.2879
3.5156
3.2758
3.5207
3.2813
3.8380
3.0141
2.7078
3.4411
3.6031
3.9118
2.6784
2.7630
2.1998
3.2410
4.1729
3.3792
3.3432
3.8475
3.4667
2.8462
2.7060
3.7450
2.8268
3.2697
2.2293
3.3495
4.1843
4.1460
3.9022
3.6583
1.7124
3.6307
4.3449
3.7015
4.1845
3.6664
3.9903
3.4546
3.7764
3.6632
3.7969
3.3074
2.2415
3.6595
3.6088
3.5853
3.5478
3.8372
2.7117
2.8976
3.2591
4.0659
3.8891
3.9727
3.2292
2.9024
3.8956
3.5549
3.2081
2.9124
3.5969
4.4654
4.1696
3.7169
2.6365
2.9517
3.6694
3.9044
3.7842
2.9538
4.8745
1.8675
3.4474
3.2099
3.8910
2.4709
4.2569
2.7421
4.1884
3.2414
2.7456
3.8827
3.7780
4.6694
3.2946
3.5303
3.6487
4.0855
4.4043
3.1322
3.7857
3.2519
4.3228
3.2731
3.7695
2.8372
3.9778
4.3782
4.2356
3.4549
3.4934
4.0007
3.1774
4.4556
2.2483
3.5091
3.2559
4.1690
3.7764
4.5465
2.9241
3.7201
3.5541
3.1116
4.0366
3.3139
3.6498
3.8390
4.5984
3.1005
4.0894
3.7660
4.1120
3.4277
3.9962
3.8292
3.3907
4.2785
3.6765
4.2654
4.1710
3.9582
3.2038
3.5872
3.2561
2.9803
3.6196
2.9741
3.9088
2.3920
3.8877
4.0628
3.7339
3.4583
3.3489
4.2877
2.9289
3.9608
4.0411
3.2496
3.0791
3.6542
4.1526
3.8063
3.0969
3.6865
4.0271
3.3351
4.0831
3.8093
3.4669
4.1760
3.2678
3.3141
2.7295
2.7516
3.1992
3.8721
3.8018
3.6754
4.4207
4.1047
4.3635
3.9392
3.2528
3.3617
3.9710
3.6117
4.4854
3.2336
2.6588
3.6111
3.3494
3.7185
3.1710
3.6049
3.0204
4.1372
2.7921
3.5234
4.4227
3.1766
3.8390
4.5087
3.8909
3.9881
3.4281
3.2251
2.6775
3.2147
4.1189
2.8604
3.6735
3.5115
3.3650
2.8368
4.5220
3.9140
3.2289
3.2453
3.4201
4.3201
3.3062
3.2019
3.6663
3.0262
1.8120
3.7286
4.0796
4.1880
3.2265
3.5321
3.3023
3.8271
2.8929
3.6611
4.0667
4.6253
3.8162
3.7857
3.8256
3.5283
3.5958
3.7561
3.0749
4.1403
4.2112
3.9679
4.1189
3.0207
3.8321
3.3720
3.4924
3.3740
3.4831
3.4179
4.2498
3.4901
2.7178
4.3424
2.9947
4.0237
4.2207
3.7520
2.9317
3.1485
3.7813
3.7975
3.4417
3.3775
4.4491
2.2149
3.2111
3.9635
2.2523
4.2274
2.8139
3.3537
3.2123
3.8886
3.4364
3.8709
1.7067
4.1337
3.5938
3.8477
4.0959
4.0093
3.1868
3.7006
2.6340
2.8857
3.2673
3.6560
2.6284
2.4129
4.6434
3.1409
4.2286
2.6855
4.4125
3.5732
2.7873
3.7005
4.3160
4.0866
3.6437
4.1061
3.1589
4.3352
4.6644
3.8004
4.2532
4.1067
4.0455
4.1614
3.7333
3.8008
4.1445
3.4509
3.0198
1.9974
3.7929
3.5868
3.1889
2.5931
3.5887
4.1361
3.5705
2.4627
3.4435
4.5648
4.1789
2.9185
3.4865
2.7618
3.9688
4.1229
2.9637
3.0895
4.2214
3.4978
4.0149
4.1423
3.5962
2.3498
3.5990
3.3277
3.5094
4.5726
2.6785
3.2970
3.4680
4.0517
3.5199
3.2643
4.3012
3.4377
3.7905
4.3753
3.4754
3.3361
3.7539
4.5030
4.0264
3.3868
4.2805
3.3660
3.9311
3.3209
3.9206
3.6293
4.5458
3.9329
3.9252
3.9205
3.3180
3.7527
2.9455
3.8827
4.0306
4.0420
4.4297
3.4294
3.1022
3.3477
4.0197
4.2218
4.4020
4.1499
3.2581
3.5030
2.8259
4.0591
3.5481
4.4860
3.3628
4.2936
3.4521
4.2201
2.6020
3.9785
3.4846
4.0729
2.8359
2.4134
2.1073
3.3288
3.9534
3.9983
3.5199
3.5684
3.9816
2.8659
3.0013
3.9939
3.8361
3.3503
3.4280
2.7950
3.9628
3.5162
4.9315
4.0060
4.3839
3.4588
3.6268
4.6061
2.5286
2.7080
4.1816
4.2079
3.4195
4.2231
3.9065
2.7935
3.0590
3.3859
3.6898
4.2929
3.6023
4.3656
3.4693
3.3221
4.1570
3.5214
4.5271
2.7452
2.9815
3.4242
3.2935
3.9626
3.2396
3.7827
4.0044
2.5794
3.0862
3.8663
3.5434
3.8147
3.2360
4.4532
3.2829
3.4899
4.1269
3.0074
2.8734
3.6282
4.1264
4.2158
3.3545
2.2396
3.8413
3.4111
2.7511
3.7728
3.8294
3.8098
2.9326
3.2648
2.6921
4.5069
3.1525
3.6430
2.8996
3.2797
3.9121
3.5864
3.4979
3.2722
2.7537
3.1243
4.0196
4.0873
2.1997
3.8710
3.7621
4.4324
2.8152
3.0998
2.8512
3.9590
3.9437
3.0181
3.5742
2.6476
4.3503
3.4091
2.3802
3.4267
2.2630
4.0769
3.2923
3.4476
3.9143
4.0901
3.8573
4.1517
2.2427
2.9044
3.2581
3.8705
2.9209
3.3622
3.9028
3.3096
2.3703
4.2078
3.9828
4.1604
1.9832
3.9010
3.5059
2.8920
3.8402
2.5915
3.3209
3.7030
3.5412
4.0822
3.9368
4.0291
3.9108
3.8968
3.2322
3.8133
4.3261
3.5656
4.1160
2.9102
3.9450
3.5917
2.3046
3.8773
3.2861
3.5755
4.8028
3.3145
3.3871
3.5250
3.6368
3.0454
3.5197
2.9691
3.5322
4.8493
3.6932
3.9439
4.2491
4.2075
3.0548
2.8827
3.9814
2.8968
3.5562
4.0151
3.0034
3.4272
2.6298
3.7371
2.9096
4.3789
3.5894
3.3212
3.0159
3.5731
3.2609
3.2320
3.5174
3.4424
2.5601
3.5691
2.1568
2.9875
3.7931
3.3691
3.9811
3.2222
4.6687
2.8983
3.3711
3.4912
2.4210
3.7617
3.9183
2.6450
4.0390
3.7410
3.7877
3.5520
3.5338
4.3079
3.5715
2.8743
3.9774
4.0632
4.3360
3.4136
2.6557
3.1744
3.7259
3.5552
3.8762
3.5618
3.1389
3.1054
4.1790
3.4438
4.4070
4.7914
3.6128
2.8539
2.6738
2.9435
4.4070
4.1213
3.5121
3.8048
3.0894
3.7787
2.5900
4.0673
3.3907
3.3717
4.0566
3.0373
4.4605
3.4908
3.8575
3.9014
4.0156
2.7908
3.8189
3.6642
3.9513
3.6043
2.2452
3.1943
4.0418
3.2369
2.8813
3.5336
3.2898
3.5282
2.6815
2.8885
3.1202
3.6275
4.1386
3.2329
4.1005
2.9578
4.0618
3.6729
3.1929
3.6597
3.5384
3.0734
3.8491
2.3412
4.5869
4.1596
3.8829
3.8998
3.7275
3.6134
3.9374
2.8290
4.6052
3.7913
3.6465
3.6476
2.4292
3.4159
3.7047
4.3609
4.4410
4.4700
3.8137
3.4213
3.6198
3.8427
3.4424
3.8518
3.1239
3.7858
3.7816
3.7876
2.8314
3.0727
3.9877
2.5187
3.7467
3.6247
1.8876
4.4588
4.1570
3.9278
2.9592
2.8454
3.9276
4.0475
3.4237
3.4049
2.7576
2.5222
1.9021
3.2225
3.6506
3.0941
3.2423
4.4582
3.6919
3.8744
2.8393
4.0826
3.4251
3.7833
1.9248
3.7167
3.8157
3.1914
2.9750
3.8353
3.3764
4.1493
4.2028
3.7683
3.2568
3.4636
3.7845
4.1275
4.1398
3.2465
2.9029
3.4394
4.0567
2.5966
2.8014
3.7586
2.9510
2.9191
3.8949
2.1965
3.7652
4.2994
3.7078
3.6331
2.6741
3.8897
3.0064
3.9098
3.9640
3.7153
3.0688
4.0449
4.1194
2.9900
3.3775
3.6431
3.1597
3.4189
3.7305
2.3855
4.4397
3.1811
3.6264
3.4129
3.2069
3.2420
3.4892
4.3095
2.5496
2.7568
3.2800
3.6334
3.4181
4.1012
3.1533
3.6747
3.3485
2.2764
3.4214
3.1697
4.3957
4.1498
2.8302
4.1110
3.2674
3.1546
3.7445
2.6723
4.1912
4.2511
4.0628
3.0574
1.7291
3.4167
3.9659
3.3191
3.7256
2.0291
3.2120
2.9491
3.4072
4.1041
4.1892
2.5304
3.6365
3.8857
3.0814
3.2649
3.8900
2.4529
3.6790
3.3054
3.6113
2.8044
3.8248
3.5399
3.1638
3.8422
3.7297
2.5326
3.9378
4.0591
3.0654
3.3367
3.4598
3.7875
3.2195
3.5057
3.5347
3.5099
3.4983
2.6796
3.7577
2.9511
3.1234
4.4492
4.0837
3.5099
3.1754
3.8741
2.4923
3.2096
3.9777
3.4666
4.2248
3.5233
2.5555
3.0747
4.3517
2.8248
3.6275
3.7168
4.6194
3.6053
2.8953
3.9911
3.7504
4.0024
3.3793
3.7812
4.1768
4.1101
4.0635
2.5042
2.3348
3.2544
3.7628
3.8305
3.1956
4.1776
3.4551
3.1780
3.5717
3.8570
2.9702
2.2501
2.9280
2.8669
3.7664
3.7132
3.6078
3.7659
2.7292
3.3327
3.1859
3.8637
4.5267
4.2591
3.1975
3.9871
2.3847
2.6588
4.1935
3.3909
3.4403
4.4684
3.0615
3.2752
3.6094
4.0163
3.1598
4.2296
2.7484
4.1774
3.7548
3.2372
3.1972
3.4726
4.0681
3.5748
4.0151
4.4055
3.9206
3.0052
2.7622
4.1002
3.8944
3.6213
4.0692
2.8809
3.9211
3.1309
3.6241
2.9019
2.8608
3.4077
4.5538
4.5289
2.9125
3.5630
2.6755
3.4361
1.8738
3.7977
2.7620
3.4823
2.9572
2.8530
4.0051
3.8099
3.5331
3.4064
3.2073
3.4481
3.8795
4.2994
2.8070
3.5858
3.8606
4.3674
4.0923
4.6596
3.1773
2.9070
2.6554
4.2133
3.3281
3.3465
2.7320
4.0836
3.3163
3.8406
4.0501
3.3611
4.2201
3.0753
3.3261
3.5046
4.3453
3.7887
3.9846
2.9349
2.7804
4.1649
4.5237
3.4546
3.8049
2.8967
4.5387
3.8370
3.3837
4.0006
3.2476
2.8846
3.1614
3.6556
3.7009
3.2463
2.9301
3.7570
3.1386
4.4723
3.6991
3.3780
3.3863
3.0905
3.8420
3.8221
3.1878
4.0157
2.8030
4.0966
3.2275
3.8044
2.6355
3.4433
3.3822
3.8172
3.8762
4.0902
3.9893
3.4786
3.9708
4.6543
3.8770
3.1271
4.3501
2.9584
2.4947
4.1995
3.5599
3.6412
3.6014
3.7569
4.2461
2.7207
4.2688
3.7905
3.6582
3.7124
3.2298
3.7178
3.5602
2.9944
3.3246
3.3058
3.5426
2.7207
4.0917
3.6917
2.9905
3.0754
3.1131
4.0237
4.0861
2.9585
3.6159
3.1218
4.4054
4.7052
2.9168
2.6590
4.0932
4.4507
3.3961
3.7525
4.4781
3.9163
3.7265
3.7700
3.0218
0.9888
3.8427
3.8772
4.1677
3.2219
3.3564
3.2902
3.0735
3.4577
3.2348
4.5308
3.8016
4.1401
3.0776
2.5877
4.2409
4.4102
3.2416
4.0790
3.8999
3.8057
2.4414
3.1658
3.1799
3.3051
3.6023
1.6477
3.5295
2.5751
4.1180
1.4550
1.5036
4.0844
4.1132
3.5835
1.4093
3.5295
4.0951
1.3601
2.7775
3.4369
3.3704
4.2926
4.2841
3.1121
4.3850
4.3286
3.1508
3.5660
2.4294
4.2355
2.5370
3.1859
3.8683
3.9160
3.9931
3.5338
4.6157
3.8826
4.0698
3.9020
3.6212
4.3877
3.0956
4.0613
3.2004
3.4655
3.0139
3.7129
3.2086
3.2044
4.4481
3.4848
3.5988
3.9934
2.6887
3.9023
4.6875
3.3698
3.3295
3.9717
4.1384
2.8658
3.1291
3.2993
3.2164
3.7746
3.3357
3.8183
4.0353
3.1473
3.5139
3.8210
3.6420
3.0989
4.2772
4.3857
3.3890
4.1402
2.5897
3.3456
2.6356
3.5053
3.6732
3.8387
3.6188
3.3164
4.1795
3.4379
4.1696
3.1059
3.6678
4.4558
3.3033
3.5261
3.6547
3.4858
3.7666
3.8451
3.7548
3.4373
4.0782
3.6498
2.9107
3.6009
2.7293
4.4145
2.8582
2.5784
3.3902
4.1816
3.3969
2.9621
3.1411
2.9066
4.0556
2.4867
4.9030
4.0866
3.4922
4.1578
3.0936
3.2747
3.5388
3.8582
3.8110
3.4743
2.1060
4.0274
2.6060
4.1444
3.8573
3.2630
3.3133
3.3918
1.7967
3.4284
3.9820
4.0143
3.9292
3.9360
3.1513
1.3410
2.8178
3.2743
3.3054
3.3851
3.8192
3.2855
3.7265
3.7838
3.9281
3.5292
3.4261
4.4285
3.1869
3.6305
3.0004
3.8775
3.2418
3.8370
3.1214
3.8462
3.0805
3.8842
2.6505
3.3857
3.9352
3.7720
4.0487
3.2586
3.0601
2.4297
2.8981
2.9043
3.2354
1.8258
4.7747
3.9781
2.8382
3.0057
3.7499
3.3513
4.1501
2.0019
3.1297
4.1279
4.4173
3.1126
3.8552
3.8389
3.3089
3.3714
3.0016
4.2727
3.8656
4.2136
5.0000
2.9652
3.6815
4.0302
3.8037
3.0848
3.6909
3.7122
4.3529
3.2624
3.7331
2.7906
4.3146
3.3604
2.2074
3.8628
3.2751
3.8836
3.8003
3.5727
3.4546
3.5990
2.0357
3.3660
4.2486
3.6614
3.7121
3.6884
4.3446
3.2194
4.0135
3.4831
4.0651
3.3817
3.9422
4.1772
3.2209
3.6566
3.5502
3.7163
3.5601
3.8827
3.4785
2.9818
3.9083
3.6528
2.7993
4.6411
3.3277
3.3648
3.3484
3.2896
3.5715
2.2482
4.1550
4.6138
3.1106
3.3548
3.6460
2.8369
2.7421
3.0939
3.6332
3.7612
4.5854
2.8634
4.0762
3.9017
2.1124
4.1028
1.9971
4.1440
3.4196
2.1902
3.6129
3.5794
4.1083
3.9297
3.5904
3.4740
2.5137
2.9018
2.9721
3.1844
3.9668
2.5416
4.1152
2.7439
3.2664
3.0950
3.7559
2.6751
3.9778
3.7867
2.7770
2.2861
4.1053
4.1662
3.4427
4.1933
3.9197
4.1355
3.6173
3.2867
3.1094
4.0063
3.5092
2.8862
4.1978
3.3006
3.8598
4.4109
2.3107
3.6992
4.2995
3.1365
3.5531
4.1935
3.5785
4.4953
3.4933
2.7834
4.4080
3.5720
4.2462
4.6596
2.9294
3.5832
1.9993
2.9473
3.2972
3.7011
3.0473
2.6192
3.4515
3.5151
3.9930
3.5295
3.7757
3.2702
3.7701
3.9236
3.7616
3.8357
3.3418
2.7980
4.2933
3.9823
3.6390
3.0802
3.1573
3.9723
3.9076
3.4314
3.6001
3.4728
3.2431
3.9829
3.7709
3.4811
3.3997
3.0897
3.5791
3.9094
3.2485
3.8575
3.2598
2.7010
3.9091
3.1777
3.3792
4.4070
2.5232
4.3408
4.0115
3.5242
3.3973
3.8181
4.0950
3.1588
3.1455
4.4757
3.8737
3.1485
3.2902
3.5603
3.9078
4.1713
4.0691
2.4417
3.2772
4.0678
4.1333
4.5965
4.1490
4.4775
3.6866
4.0390
3.6655
4.0960
2.6773
3.2949
3.5427
3.8729
2.6040
3.5127
2.1520
3.8921
4.5850
4.6776
2.2488
3.1703
3.4824
1.9405
4.3813
4.2106
3.9699
3.2339
3.5295
3.7179
4.2207
3.1338
3.5352
1.8484
4.2033
3.6879
3.1764
3.2148
3.9170
4.0775
3.7901
3.2364
4.7448
3.6506
1.5815
1.8078
3.8652
2.8183
4.1315
4.5986
2.4471
3.6234
3.5351
2.9911
3.7571
3.8004
4.5679
4.3737
3.6743
3.6886
3.5051
3.3845
3.1270
3.4102
4.2180
3.4688
2.6437
3.9489
2.9293
3.6922
3.1647
3.2838
3.8951
1.4174
1.5497
3.5196
2.9953
3.8527
3.5184
3.7026
2.5576
3.1215
2.4743
3.1270
3.6500
3.1677
3.9048
4.0814
3.0011
3.6750
3.6125
2.8210
4.0511
3.4046
3.0365
2.9257
3.2516
3.7881
3.9660
3.3974
3.4331
2.6697
3.8863
3.0319
4.2210
3.5462
3.6102
3.7671
3.0110
3.5470
3.9200
3.8310
3.5881
3.8871
4.4449
3.2104
3.3160
4.2885
2.6021
3.1215
3.9874
3.7104
2.8983
3.0977
3.7380
3.6795
2.7008
3.0900
3.9570
3.5295
3.3083
3.4648
3.3799
3.6486
4.4226
4.2265
4.3194
3.4489
3.9389
3.5899
3.0481
3.3662
4.1629
3.8272
3.7053
3.2806
4.3777
3.6105
3.8795
4.1306
2.6225
3.9936
3.1641
3.0830
3.9447
4.2819
3.4297
4.3683
3.5194
4.2413
3.2893
4.2544
3.9521
2.7436
3.8805
2.8923
3.1007
4.0020
3.5884
2.9722
2.4239
4.1724
3.1987
3.8501
3.8195
3.0429
3.1159
2.2165
3.3711
4.2400
4.0072
2.7616
3.0327
3.4909
3.9391
3.5314
3.4375
4.1571
3.7659
3.7232
2.9309
3.0861
2.7838
3.4803
3.6108
3.3204
3.4020
3.4083
3.1925
3.0282
2.8421
3.6453
3.6383
2.8798
3.9909
2.8552
3.7386
1.9207
4.3356
2.6557
4.1106
3.4876
3.4932
3.3833
3.9041
2.9265
3.7370
3.2056
3.5871
4.3089
3.4668
2.3581
4.1835
3.6148
3.6025
3.7875
3.4149
3.6876
3.0124
2.5582
3.6289
3.3940
4.0619
2.8819
3.3898
2.6346
2.7476
3.8339
3.6251
3.8904
3.4252
3.2142
4.3959
3.2143
3.8153
2.8903
3.4654
3.9323
4.1129
4.6876
3.4446
3.6246
3.8013
3.0716
3.2706
2.3973
3.7041
2.6956
3.2708
2.8253
3.5117
3.4706
3.0098
2.7069
3.2859
3.6353
2.9704
3.4201
2.4809
3.5696
4.6796
2.7734
4.0617
2.0460
3.2090
3.4964
4.0136
3.8524
2.6976
3.0152
3.8987
4.4933
3.4687
3.6710
3.8845
3.7404
4.0608
3.1776
4.0610
3.5282
2.9847
3.7416
4.5623
4.4759
4.3794
3.8301
3.7826
4.4951
3.0367
2.5348
3.4602
3.4676
3.8837
2.0520
3.9587
3.3595
3.5931
3.2977
3.1642
2.9528
4.6571
3.9861
3.6137
2.9289
2.3500
3.7184
2.8767
3.4007
3.9215
3.5698
3.7978
3.9796
3.1452
2.7560
3.8352
4.1235
3.5519
3.0743
4.3599
3.3778
3.3509
2.9521
2.7718
2.3049
4.3230
3.6100
3.4776
3.8277
3.6407
4.0551
4.5715
3.0946
3.3618
3.3643
4.0647
3.9056
3.5215
4.1324
2.9730
3.2650
4.2976
3.1256
3.7936
4.1685
3.7794
3.9897
4.3375
3.5395
4.3058
2.8990
3.1858
4.2294
3.4915
3.8044
3.8148
3.5464
3.7821
3.6333
3.6700
3.7207
3.4527
3.7403
3.8843
3.6362
3.3685
2.8596
2.4656
3.6473
3.3316
3.8392
3.6931
3.7913
3.5489
3.1417
2.4907
3.4681
3.2540
3.8285
2.6253
4.4281
3.3857
3.6822
4.1540
3.2453
3.1778
3.3285
3.3172
1.2777
4.1718
2.5254
4.4153
2.9567
3.7027
3.4035
4.1750
3.9502
2.8273
3.3497
3.0693
4.1275
4.0557
3.8944
3.3812
3.9453
3.7989
2.5299
3.5375
3.3044
3.0924
3.0121
3.9125
3.6492
4.3935
3.9555
3.0234
3.9095
3.8780
3.3159
3.2538
3.6178
3.6365
2.7674
2.8304
3.2047
4.3261
4.0285
2.8354
3.8033
3.4372
3.7335
3.9787
3.6994
2.9055
4.2486
3.3094
4.0573
4.1161
4.0997
3.1292
3.6980
1.5312
3.9256
3.5597
4.1711
3.2686
3.9075
3.5641
3.9644
3.4966
3.2140
3.2734
4.5719
4.2845
2.8368
4.2453
4.0943
3.6951
3.5675
3.8828
3.9467
3.4381
3.0880
4.3370
2.8689
2.6705
4.5951
3.4935
3.0679
3.8542
4.2515
3.9638
3.4210
3.4781
3.9579
4.2710
3.2782
3.9595
4.0677
3.1458
3.3467
2.8704
2.8638
3.5056
4.0599
3.4156
3.2935
3.2122
3.4283
3.4915
2.8825
3.6159
4.2652
3.5662
2.4126
3.3591
3.9221
3.5732
3.5869
4.4971
3.1760
3.4935
3.2465
3.1911
3.5537
1.7826
3.9568
2.2795
4.0314
2.9379
2.9079
3.7213
4.0487
3.6478
3.4358
3.9267
4.1682
3.3325
3.5651
3.0228
2.5333
4.1776
3.1123
3.7786
3.1022
4.5353
3.8762
2.7554
2.8789
3.5397
3.3541
3.1752
3.5413
4.3772
3.1932
3.2479
3.4165
3.3321
4.2373
3.5968
3.3141
3.9650
4.3628
4.2110
1.6787
4.3293
4.8043
3.4285
3.2769
3.7433
4.1834
3.8182
4.2059
4.4313
3.0246
3.9938
2.4889
3.3627
2.3240
4.3836
4.0143
3.9049
3.9013
3.0739
3.0534
4.3865
4.0277
3.5666
3.5083
3.8469
3.5261
3.7646
4.2455
4.0331
1.7908
3.5833
2.6613
3.9736
3.6183
4.3473
2.8005
3.3053
3.4136
4.3789
2.8284
3.8082
3.1890
2.8542
3.6595
2.6553
3.2442
3.5694
3.4297
3.7972
4.2796
3.1249
2.9170
3.1578
3.1998
3.2898
2.8749
3.5471
2.5663
2.6883
3.8443
3.4038
3.9185
3.1337
3.0176
2.5884
4.1161
3.5321
3.1850
2.8870
3.5918
4.0913
3.9558
3.1881
3.6115
1.7020
4.6896
3.8226
3.6124
2.9454
2.9848
3.6335
4.0403
2.9869
3.6792
3.6859
3.5877
3.4488
2.9637
4.0157
3.0255
2.9690
3.6356
3.7432
3.4382
3.7049
4.2084
3.5716
4.3053
4.1918
4.2463
3.7494
3.3739
3.1457
4.2363
4.1610
2.2528
4.3418
3.9183
2.8700
3.6240
4.2349
2.7813
3.6199
3.3456
3.4397
3.2399
3.6986
2.1946
3.3682
3.5226
2.4778
3.8922
3.6362
3.7329
3.2768
3.3429
3.0441
3.0765
4.4636
3.1570
3.7736
3.3814
3.1892
2.8448
3.9734
3.8587
4.5097
3.3261
3.1698
3.6856
4.4794
3.6702
3.8555
4.0480
4.0745
4.3186
4.2885
3.3232
3.2691
4.2727
3.3533
3.9021
2.7905
3.1961
4.4578
2.4051
3.8451
3.3193
4.1946
3.9671
3.2126
4.0444
4.4085
4.4953
3.6996
2.9687
3.1402
4.0787
3.1974
4.2215
3.8392
3.4982
3.4281
2.1276
3.4852
4.0298
3.1342
3.2401
3.2182
3.1928
4.0964
3.9757
3.9799
4.3727
3.5103
3.5577
3.5885
3.1958
3.3672
4.0058
3.8473
3.9095
2.4257
4.0550
3.0196
3.4421
3.4182
3.7075
3.8344
3.5414
3.8587
4.1940
3.9263
3.9282
3.6958
3.5826
4.1789
4.0797
2.9075
3.3213
3.9268
3.5417
3.1452
3.2200
3.9705
4.1051
3.5674
2.9337
3.4525
3.2981
3.9458
2.7063
2.9727
4.0242
3.7569
3.9099
2.9111
3.2284
3.9726
4.1898
3.2858
3.3885
3.2125
2.7087
3.8870
4.0848
3.5453
4.2214
4.2808
4.2534
3.1191
3.7349
4.0844
3.8117
3.7169
2.9567
4.0887
2.6043
4.2539
2.5179
2.8919
2.9778
3.2840
4.1002
4.2145
3.1547
3.9792
3.2326
4.0508
3.9640
4.1164
3.9103
2.9280
3.2486
3.0891
3.8627
2.6402
4.3931
3.7905
4.0455
2.8503
3.9705
1.9638
4.0343
4.2932
3.1342
4.0164
2.2621
4.1890
3.8630
3.6193
4.3210
3.8247
3.8936
2.7149
2.9223
3.2064
2.7743
2.8651
3.9440
3.5237
3.6766
3.9455
3.5164
2.9027
2.9343
3.4240
3.0744
4.1770
3.3554
3.0627
4.0048
3.6435
4.0458
2.5778
3.1948
3.4870
3.8143
3.6292
3.4423
2.5034
3.8729
3.8690
4.1811
3.9085
2.7981
4.2381
3.1816
2.4654
3.2934
3.7495
3.8996
4.0549
3.2231
1.9621
3.8557
3.0430
3.3574
3.5144
2.5830
3.7114
4.2986
4.3020
3.8067
3.7816
3.4630
3.0390
3.0064
2.8369
3.6358
1.3078
4.0688
3.0480
3.1289
3.3518
3.6760
4.4134
3.1927
4.1669
3.1530
3.6563
4.5579
3.4334
3.4209
3.4628
3.5527
3.1738
4.2667
3.3462
3.5668
4.1294
4.0021
3.0804
3.1797
3.7948
3.1821
4.4525
2.2270
3.3389
4.2440
4.1637
3.1224
3.3495
3.1547
2.5257
3.6455
3.0309
3.2625
3.8944
3.3523
3.8351
3.6042
4.4938
3.1103
3.8457
3.2383
3.5539
3.9824
3.7472
2.9975
4.0382
3.0148
3.4982
3.4626
4.3222
3.0925
3.9909
4.0166
3.5295
4.0062
3.7646
1.7916
3.6327
3.1966
3.4276
3.5273
3.6249
4.2555
3.7994
2.9624
3.9091
3.5631
4.2768
3.3748
4.2367
4.1295
4.2551
4.0294
3.6995
4.0553
4.3730
2.7093
4.2248
3.0383
2.1142
2.9566
2.8187
3.3559
3.2967
4.0512
4.4689
3.1541
3.4213
2.1895
3.1621
2.8395
3.8409
2.5047
4.2266
2.5935
3.6841
2.9941
3.0854
3.0769
4.3078
3.6921
4.1368
3.9532
3.1429
4.4722
3.4948
2.7681
4.3100
3.9182
2.5095
4.2907
3.5471
3.4232
3.4925
3.8341
3.5169
3.9059
3.0895
3.0454
3.1140
4.0874
3.6923
3.0752
4.3364
2.4492
3.3672
3.8026
3.3151
3.5246
3.9192
4.1373
3.5837
3.8366
3.6105
4.3570
3.5073
3.3114
3.6115
3.1813
3.4580
3.7089
4.3826
4.0051
3.3489
3.8289
4.1143
3.3366
3.9408
3.1846
3.1887
4.1250
3.4103
3.9455
4.1883
3.7947
3.4611
4.2841
3.4607
4.2412
3.2732
3.6522
3.9958
4.0617
4.2084
3.4661
3.4220
3.7809
3.9644
3.5764
3.8237
1.9747
3.2356
4.1171
4.8067
3.6771
4.2794
3.1214
3.7877
3.1034
4.3195
3.4833
3.3466
3.8599
2.3574
2.9277
2.8262
3.1932
4.3027
2.3985
1.9085
3.3340
3.8124
3.1459
3.3138
2.2046
4.0722
3.8924
3.1092
3.5954
2.2585
3.8267
4.1281
3.7022
3.7021
3.7469
4.5831
2.6222
3.1732
3.1687
3.8490
4.5827
2.9599
3.5709
2.2115
2.9775
4.7274
3.9532
3.2008
3.5722
2.8749
4.1194
3.6263
3.9789
2.8779
2.5257
4.5258
3.5943
2.8541
4.1232
3.8256
4.0545
3.9700
3.4822
4.5838
2.2848
3.9689
3.4396
4.7527
2.3968
3.9249
2.3859
3.5553
2.6925
3.5949
3.9735
4.0056
3.6216
3.8801
3.2395
4.3620
3.9415
3.9051
4.0347
2.8493
4.2251
4.1331
3.3411
3.8330
4.1135
3.1287
4.0909
2.6642
4.1191
3.7915
3.9265
4.1681
3.4325
3.6400
3.8483
1.9753
2.5333
4.1327
3.7642
3.4526
2.9485
3.7557
3.5286
3.0450
4.3712
2.5689
3.9334
3.5659
3.3677
3.7074
3.8755
4.2625
3.9150
3.9657
3.6840
4.1856
3.5604
3.3029
3.8258
3.1285
3.8401
2.8961
3.2170
4.6344
3.1171
3.5353
2.6670
2.2456
3.5302
2.9420
4.3498
4.5198
2.4001
3.0021
4.4961
4.0780
3.6960
3.9631
3.1367
3.7859
2.9783
4.3660
2.6967
3.4152
3.4663
4.6252
4.0331
3.1793
4.6349
3.8328
3.8139
4.0494
3.5349
2.8048
3.2232
3.4150
4.2883
2.8705
3.9042
3.5814
2.8284
4.6245
2.1882
2.8737
3.3823
4.2275
4.1347
3.7980
2.6970
3.1637
3.3779
3.2401
3.7147
3.7352
4.3743
3.8481
3.8421
3.6653
4.0913
4.3182
4.4184
3.5512
3.4879
3.3356
4.1727
2.7127
3.5347
5.0000
3.1803
3.4679
3.3956
4.6395
3.7195
3.1020
2.9480
3.9328
3.5026
3.7072
2.6277
4.0710
1.4600
3.5597
2.0822
4.0743
3.3057
4.2152
3.4532
4.2012
4.6918
3.1381
3.4659
2.3109
4.4586
2.6275
4.0966
3.7024
3.7608
4.3355
3.6967
3.5003
3.2257
3.4554
3.7096
4.4401
3.4926
3.4979
4.1349
3.4945
2.3640
3.8650
2.7796
3.4354
3.7780
3.9792
2.4348
2.7723
3.2920
4.4284
4.0690
4.5456
3.6642
3.8565
4.3987
3.6879
3.3500
4.3155
4.7696
3.5642
4.1989
3.5020
2.4909
4.7049
3.8060
3.2946
3.4333
2.4167
3.3680
3.6612
3.2728
4.0674
3.4506
3.2816
4.1903
3.8155
2.8433
4.2386
2.9525
3.1295
3.3216
3.5172
3.3063
2.9184
4.0878
3.2240
3.8427
2.9940
2.9114
3.0429
3.5461
2.1352
3.7553
3.7178
3.3653
3.0255
2.1688
3.7420
2.9801
4.1254
3.2142
4.4391
3.5665
4.2289
3.8583
3.4254
3.8334
4.1049
3.4585
3.1902
4.0078
3.6706
3.4526
3.9468
4.0815
3.4483
3.5672
3.3939
3.3919
2.3480
2.7828
3.0912
4.4693
3.8648
2.3218
3.4313
3.6208
3.5053
3.3012
3.9541
3.5619
3.2785
2.9978
2.9165
3.7288
3.5457
2.9254
3.9529
3.9802
1.6592
3.2601
4.0678
3.8672
4.4227
2.3708
4.4807
2.6645
4.0685
2.8056
4.3775
4.1489
1.8464
3.4483
3.6281
4.8164
3.6270
3.5980
3.2285
3.9786
3.8567
3.7826
2.8311
3.2105
3.3827
3.2201
3.0723
2.8997
3.8613
2.9750
3.6159
3.5538
3.5510
3.3688
3.5134
2.8605
4.6948
2.3808
4.0614
3.4793
2.5306
3.1363
3.9196
4.1409
3.3875
4.4189
2.7747
3.8509
3.0848
4.5491
3.8683
3.4332
3.1381
3.5125
4.2427
4.0832
3.9078
3.5181
3.5143
3.8758
4.2855
3.2241
3.9424
3.0055
4.0178
3.5954
3.6420
3.4801
2.9596
3.5847
3.7696
3.5592
4.2445
3.6267
3.7029
3.1219
3.1379
4.2419
4.0125
3.2581
3.4771
3.8627
3.6190
3.7598
3.2586
3.9807
2.9289
2.1322
4.6479
1.8408
2.4904
3.6467
4.0157
4.0423
2.0236
1.8990
3.4835
3.9568
2.0391
3.7122
3.6209
3.8727
3.5348
3.6253
2.3620
3.9002
4.2952
4.5510
4.1579
3.3310
3.7975
3.2349
2.9315
3.5606
3.6758
4.3683
4.3767
2.7262
3.3279
2.7171
3.9767
4.6315
3.5531
3.8155
4.0494
4.0859
3.2424
4.3873
3.2916
4.2861
3.7155
3.0153
3.1059
2.7898
4.9018
3.5554
3.8655
1.9558
3.3108
4.2028
3.7385
2.8191
4.1699
3.7518
3.1016
2.8159
3.8224
3.6342
4.6849
3.2780
3.1380
3.7394
3.5295
3.2884
4.4056
3.9765
3.9980
3.4443
4.4118
3.5711
3.7342
4.0611
3.2950
3.1610
4.1873
3.5812
2.6134
3.9467
4.2959
3.5643
3.4091
3.6487
5.0000
4.2995
2.1893
4.1521
3.8573
3.0063
3.9389
3.8278
4.0843
3.7849
2.3323
4.4100
3.0639
3.2892
3.9129
3.3256
4.0548
4.0064
3.2768
3.7914
3.1439
3.8139
3.1627
2.8318
3.4061
2.7203
3.5877
2.7789
3.4411
2.5480
3.5849
3.4686
4.2930
3.5517
3.4033
3.7761
4.4038
3.2882
3.5206
3.0483
2.7786
3.4717
2.8877
3.9640
4.4763
3.9619
3.9326
3.6168
2.6355
2.6635
4.2285
3.5668
2.5769
3.8638
2.4294
4.3080
3.2359
3.8565
3.9432
3.8105
2.4272
2.6359
3.2913
2.5811
3.8888
3.8982
3.3284
3.0969
4.7287
4.3620
3.8575
3.6899
3.5638
2.4957
4.0063
3.4600
3.7574
4.1137
3.3907
3.8531
3.9688
3.9647
3.0077
3.6642
1.9618
2.6466
4.1236
3.8218
4.1411
2.7203
4.1532
3.6009
4.3593
3.1874
2.8245
3.5518
3.6960
3.8528
3.3106
3.0611
3.0213
2.8651
3.0264
4.0792
3.3904
2.5593
4.2379
3.4425
3.7537
3.8015
4.4417
3.2475
4.3506
3.8124
3.1227
4.1887
2.6592
3.4185
3.8299
3.5567
2.8554
2.3053
2.1569
3.3677
3.2464
4.2824
4.2205
3.4588
4.0199
4.1735
3.1375
3.9713
3.3515
3.7767
4.3103
4.0303
3.5320
3.7514
3.7382
3.9799
4.1659
3.0904
4.8279
2.4972
3.4590
3.3078
2.5477
3.4563
3.3325
4.3833
1.8232
4.1020
3.5557
2.5687
3.6757
3.5220
3.7459
3.8135
3.8038
4.1688
4.4305
3.8737
3.3003
3.1827
3.9504
3.5295
3.0576
3.8640
3.6449
3.5795
3.7585
2.7360
3.2525
3.1644
3.7047
3.1452
3.3956
2.6585
3.3449
3.8372
3.2525
3.4876
3.7415
3.4427
3.8479
4.7107
4.0264
4.2434
2.8222
3.6134
4.2790
4.2814
3.8506
4.2800
2.8646
4.1579
4.0986
2.6498
3.9547
3.7144
3.1817
4.3652
4.3492
3.5937
4.2863
3.1307
3.3313
3.6976
3.7032
4.2363
3.7700
3.4441
3.5710
3.8590
3.8347
3.3356
3.8572
3.5883
3.3602
4.1648
3.7410
3.5511
3.3479
3.8705
3.0046
3.2515
3.8262
4.2608
4.1777
3.6423
3.8266
4.0137
3.6495
2.6819
4.1747
3.0438
3.9675
3.3774
3.2254
2.5539
4.0454
3.3753
3.4353
3.2140
3.7594
4.3715
2.3008
4.3570
3.7099
3.2059
3.8124
2.6583
3.0357
4.4668
3.9888
4.1470
3.7760
3.3579
3.4448
3.5776
4.7506
4.3177
3.4835
3.7228
2.9293
4.0588
3.0277
4.4608
3.2920
4.0043
3.6763
3.7906
4.3633
2.0732
3.1520
3.2612
4.0525
3.4502
3.5637
4.2914
3.9141
3.6736
3.9702
4.3912
4.2208
3.7007
1.7540
3.3982
3.8171
4.1020
2.4217
3.9433
3.3737
2.8545
3.0598
4.3440
3.9061
3.9080
3.5533
2.8596
2.8941
3.4305
4.2554
3.6095
5.0000
2.9167
3.5438
2.0043
3.3121
4.0515
2.6960
4.0136
4.0825
4.0678
3.8083
1.9373
3.1248
4.2246
3.9526
3.3059
3.8286
2.8848
3.8535
3.5150
3.1216
3.8227
3.4356
4.5812
2.5571
3.8193
3.1710
3.3907
4.1664
4.0258
3.3099
3.5295
3.5737
2.0370
3.5245
3.6452
2.9053
3.9110
3.5800
4.0059
2.6466
4.0568
3.0376
4.1370
2.7744
2.7857
3.6748
2.7043
4.2550
2.9703
3.2172
3.6242
3.1439
4.2301
4.0273
2.7328
2.5872
4.0224
2.1975
3.2657
3.4728
3.6591
3.5033
3.5244
2.3612
3.0934
3.5295
2.8682
2.7195
3.9241
2.9216
3.3046
3.6233
4.3198
4.3602
4.3625
3.2167
4.0120
4.3221
3.0824
3.9190
3.7651
3.3387
3.6526
3.0451
3.9990
3.8400
3.7452
3.8290
3.0571
3.0975
3.5250
4.2276
2.6519
3.3238
2.9497
3.3462
2.8834
2.6153
4.3120
4.3069
3.6832
3.9898
3.9965
4.0543
2.3916
4.1455
4.2945
3.5339
3.6801
2.3779
3.9829
4.0235
3.2963
3.6320
4.0011
4.3137
3.1308
3.6884
3.1049
4.4044
3.5824
3.2595
3.5445
3.2207
3.8937
3.8860
3.5587
3.0441
3.8281
4.3466
3.7977
4.1440
2.8332
4.4873
2.3127
2.8893
4.1526
3.5003
4.0128
3.4964
1.8824
1.3224
3.3437
3.3447
4.1602
3.2757
3.7725
3.7789
3.0927
3.4726
3.4400
4.0903
3.7498
3.5918
4.0804
4.0661
2.6824
3.8290
3.9788
3.8234
3.5262
3.1923
3.7356
3.3254
3.7614
3.2760
4.1805
3.7666
3.4127
3.2522
3.5383
4.2813
3.5704
3.9989
3.4312
3.4352
4.4711
3.9649
3.9537
3.2980
3.2952
4.0786
3.0818
3.7769
3.4022
3.7907
2.6893
3.3341
3.1712
3.3811
4.1805
2.8185
3.7064
4.5246
3.3659
3.6470
2.1691
3.3472
2.9185
4.2163
3.3350
3.6593
3.4465
3.6418
3.6770
4.8532
3.6847
4.2794
3.3582
3.9698
2.8847
3.8695
2.4857
4.1316
4.4266
2.6905
3.9086
3.5024
3.7561
2.5816
3.4520
3.4316
2.9258
3.0833
3.9543
3.2882
3.0225
3.2285
3.5427
3.8226
2.6029
4.2786
3.2482
2.7489
3.6189
2.3988
4.7407
3.7810
3.6342
4.6203
3.3505
2.0512
4.2510
3.0383
3.8428
3.8957
3.6879
3.3388
2.9964
3.2789
3.3035
4.2147
2.9355
4.4462
3.7693
4.1158
2.4409
3.1344
3.9890
3.5141
2.4292
4.1822
3.3740
3.5936
3.4859
3.4584
4.4171
2.5391
2.7269
3.8973
4.1031
3.4314
3.0158
3.2276
3.7115
3.6371
3.5586
1.8146
3.3709
3.6448
3.6099
3.3817
4.6204
4.3704
4.2012
3.5908
3.5303
3.6042
4.0527
3.6922
1.7568
3.4988
2.7553
2.3408
3.6919
3.1906
3.9683
3.5240
3.7971
4.1554
2.5302
3.8163
2.8213
3.5701
3.4904
3.3673
3.5372
3.6684
2.9511
3.5696
3.0297
4.1021
3.5162
3.4961
3.0768
4.5729
4.2333
3.9623
3.5208
3.5364
2.9398
3.6279
2.0648
3.1781
4.2758
1.4200
3.3045
3.1233
3.7864
3.5094
3.7017
3.5982
4.3010
4.0581
2.6513
3.9985
4.5842
3.6493
3.8433
2.9573
3.4125
4.3372
2.7559
4.4234
3.1958
3.5692
3.5897
3.8498
3.1788
4.3005
3.2185
3.5508
4.1390
4.4014
2.3588
3.8055
3.9725
3.6550
3.2556
4.3246
3.3477
3.2192
2.7172
3.7268
3.4225
3.1324
3.3813
3.1226
3.2304
3.6093
3.1865
3.3526
3.4328
3.9218
3.4789
3.7332
4.0482
3.4577
2.6848
4.3536
3.3770
3.2392
3.3360
3.6694
3.9223
4.4222
3.9921
4.1610
2.8770
4.0893
3.0297
2.6642
4.3459
3.2678
2.8229
2.5916
4.6479
4.1033
3.0158
4.6364
3.6738
2.5195
2.4769
3.2870
3.2729
3.2382
3.6733
4.0509
3.8720
3.3928
3.6034
3.5580
4.2185
3.8493
3.2772
3.7396
3.5479
2.9350
3.4379
3.5576
3.8042
3.3586
4.4505
3.3659
2.8798
3.0417
4.6781
3.7794
2.9608
2.9550
3.7559
2.7135
2.5777
3.5363
4.2695
3.7295
1.8737
4.0669
4.3344
4.4434
4.0946
3.7476
3.9364
4.3662
4.4332
3.0292
3.8067
3.6967
3.6368
3.0638
3.8020
4.2539
3.2645
4.2609
2.9019
3.3625
3.1690
3.6580
3.7252
4.4966
2.6602
2.5939
3.2215
3.0960
4.3121
3.5804
3.0871
2.6400
4.6129
3.9825
3.5919
3.9419
3.4321
3.4481
3.8901
3.5240
2.7545
3.1398
3.6075
3.7986
3.4332
4.1493
4.0040
4.3253
4.3319
3.5350
3.7189
3.4469
4.0231
4.0002
2.8085
2.8093
4.2778
3.9106
3.9394
3.8824
3.7047
3.1903
4.2324
2.9272
3.4609
3.4949
4.0200
3.5522
4.1255
4.0940
2.9096
3.2238
4.3672
3.4184
3.1466
3.4043
2.7863
4.6307
3.0241
4.6353
4.2236
3.3623
3.6614
3.6776
3.7919
3.8732
4.3662
3.3971
3.2221
2.3201
3.4846
3.3555
3.6365
3.6395
3.9167
3.4680
4.1833
2.4724
3.1782
4.1306
3.1395
3.9885
2.8502
4.0392
3.4802
3.8762
3.5083
3.6529
3.3873
3.9911
2.2625
2.7314
4.4005
3.8978
3.3291
4.6215
3.3988
3.5726
3.2860
3.5570
3.2473
3.4082
3.6175
4.0932
3.8086
4.0121
3.2783
4.0132
3.2082
3.2433
2.9901
4.4427
3.6153
3.6449
2.9666
3.3804
4.1161
3.8454
3.8382
3.4210
3.2735
3.0620
4.3698
4.1188
3.6924
2.6367
4.4507
3.5547
4.1001
4.4960
4.9447
3.8096
3.7189
3.8605
1.4037
3.0338
4.0038
4.5823
3.3850
3.9163
4.0564
3.6852
4.0699
3.8053
2.5721
4.0642
3.7430
3.1621
4.4244
3.1976
4.0047
2.8416
3.3091
3.3989
2.3471
2.5770
3.9655
3.7180
3.9019
4.0076
3.7914
3.8329
2.1706
3.8942
3.7390
2.6499
2.0912
3.4947
3.9939
3.6107
3.6820
3.9632
3.2404
3.6820
4.1382
4.4355
3.6516
3.4416
3.2030
3.1610
3.3413
4.2250
3.7350
2.5623
3.5498
2.9821
4.1411
3.3114
3.6954
3.9061
3.8703
2.2992
4.0180
4.6842
3.9801
3.1345
3.4190
3.8609
2.9761
1.1914
2.9336
3.3748
3.4240
4.3434
3.1861
3.5146
3.9898
3.4193
3.0125
3.2874
3.6338
3.3511
3.9915
2.3601
2.3169
4.4299
3.8815
4.0010
3.8091
2.9063
3.2888
2.6707
4.3171
3.0473
3.3111
2.9904
3.5784
3.0337
2.6798
3.7702
4.2800
3.9130
3.7223
4.2327
3.1922
3.9106
4.1714
3.1675
3.5459
3.9114
3.2214
2.8339
3.5468
3.9970
4.1827
3.8787
3.8834
3.5859
3.2335
3.7977
3.9114
4.2707
2.9851
2.8461
4.1311
3.6455
3.6897
3.6966
2.4316
3.8007
2.7629
3.6070
3.3682
4.2837
2.5228
3.9912
5.0000
3.8850
3.6274
3.4112
4.4878
3.2788
4.7487
3.7616
3.7711
3.8942
3.5505
4.3891
3.6537
4.3127
3.5872
3.3695
3.8351
4.2938
3.0518
3.0190
1.3795
3.5361
3.5954
4.0015
3.3251
3.7131
3.4175
3.3682
2.3597
3.9495
3.0152
3.5776
3.8174
4.0729
2.8158
3.7436
3.6845
3.3297
3.4344
2.9726
4.1310
3.4671
3.3553
1.2989
3.0191
4.1447
3.2609
3.5890
4.3869
2.8693
2.7907
3.8060
4.1353
3.4306
3.4998
2.9834
3.2966
2.2141
2.7849
4.3662
3.5707
3.6927
2.8663
3.5295
3.2126
3.5805
3.5226
4.2896
3.8530
3.4809
4.1149
4.2419
4.0337
3.8729
3.5803
3.3213
2.9751
2.4263
4.1033
3.3081
4.2567
4.3618
3.5135
3.0552
3.4936
2.8630
2.7341
3.4208
4.6470
3.4300
2.8642
3.8674
3.5010
3.5028
3.6170
3.8714
3.3239
4.4273
2.0242
3.7607
4.3325
3.8447
2.5411
3.1227
3.1638
4.0867
3.7519
3.1255
4.5230
4.0938
2.5573
3.3481
3.2934
3.7042
3.1219
4.2599
3.6977
3.7691
3.4348
4.3831
2.3784
3.3490
3.0173
3.3138
2.8425
3.7265
1.4926
4.2765
3.9731
4.7267
3.6263
3.4254
3.9055
3.2475
4.4942
3.2926
3.6434
3.8321
3.3431
2.9239
3.2266
2.8191
3.8059
3.0240
4.3160
3.4381
2.8793
3.8150
2.8648
3.1370
4.2940
2.8417
4.0054
2.6207
2.2271
3.2898
3.6153
4.4409
4.4838
3.9148
3.3595
3.7929
2.4271
3.5323
3.8401
1.6447
3.8766
3.2771
4.0872
3.9865
3.7422
4.7442
3.9146
3.6131
3.9918
3.1783
3.4254
3.6126
4.3937
2.9796
4.0317
4.4995
4.4945
3.2161
2.3615
3.5131
4.5900
4.0490
4.4321
3.7060
3.4481
3.8529
3.5591
3.7875
3.1832
4.5264
2.9637
3.5845
1.8650
3.3957
3.3051
3.0488
3.3929
3.0149
3.3778
1.9552
3.1490
4.1904
3.6969
4.3302
3.2769
3.7658
3.4739
4.0929
4.3388
3.8058
3.1342
3.7522
3.1116
4.0279
4.0314
3.7410
3.5560
3.4215
3.5518
3.3544
3.6999
3.9083
3.1959
3.5664
3.4102
2.6789
2.6473
3.6286
3.7662
3.4842
3.7732
4.0603
3.3520
3.5601
3.8978
3.2920
2.7744
2.5880
3.8484
3.8562
3.3393
3.5409
3.8009
3.0892
4.3781
3.4246
3.7872
3.5626
3.6992
3.4269
4.1970
4.0502
2.6803
3.0370
3.4756
3.5078
3.5143
3.3027
2.5641
3.4847
3.5380
3.7223
3.6430
4.3755
3.3484
3.0825
3.3149
3.7613
4.2364
3.8357
2.9579
3.8262
3.0573
3.3004
2.7082
3.6812
4.1918
3.6032
4.5265
3.2080
4.0171
4.8930
3.5219
3.2197
3.9354
3.8366
4.4713
3.5407
3.8348
4.7835
1.9234
4.3966
3.1733
2.9213
3.2838
3.7831
3.7680
3.7228
3.8494
3.5392
2.9535
3.9427
2.6267
2.5704
1.8952
3.6371
4.1329
3.8473
3.9118
3.1899
3.8087
3.0723
4.0404
3.8650
4.2468
3.7620
3.2622
3.4900
4.0211
3.8689
4.0197
2.4148
3.8908
3.9082
3.9129
4.2598
3.3168
3.6797
4.0749
3.5191
3.2739
3.8676
3.2001
2.7851
4.1186
3.0636
3.0703
3.8427
3.3622
3.8230
2.3672
3.1752
2.4455
2.8524
4.2547
3.3984
4.5029
3.9741
3.0646
4.2124
4.0666
2.4170
3.9213
3.6698
4.0645
4.0188
4.1993
3.4219
3.0881
2.9258
3.1907
2.4246
3.8542
1.9934
3.3518
3.5304
4.3623
3.4074
3.0994
3.4283
4.0811
3.9592
2.6605
3.9092
4.0801
3.4318
2.8833
3.5043
3.9564
1.9050
3.9243
3.9368
4.0299
3.1080
3.0775
3.4259
4.4307
3.8040
3.7413
4.1574
2.9270
3.3850
3.9501
2.2370
4.4101
3.5378
2.9704
4.4875
0.9659
4.0776
3.9249
3.5230
4.2209
4.0148
2.0839
1.5661
4.3590
4.6198
4.1913
2.4023
3.5265
3.3263
3.6262
3.5947
3.2721
3.5562
3.4020
2.8838
3.6405
4.0103
3.6453
4.0039
3.2028
3.5995
4.1632
3.5689
3.7535
3.3849
2.9409
3.9255
3.7992
4.4576
3.7499
3.6449
4.7619
3.2979
3.3566
2.8329
3.6800
4.2284
3.0570
3.6061
3.0075
4.0806
4.0870
3.9246
4.0296
2.2024
3.3862
4.0475
3.4413
4.0075
1.9261
4.0658
3.4730
3.7372
3.9579
4.0210
3.4374
3.6074
3.4311
4.0004
4.0774
3.0110
3.1338
3.8901
3.7222
2.1917
3.5662
2.5457
3.6863
3.0177
4.0029
4.3506
3.0998
2.3950
2.6206
3.6559
4.0126
2.7222
3.5818
3.5553
3.6301
4.4264
3.8781
3.5301
3.9745
2.8559
4.0305
4.1586
2.4771
3.7800
3.3556
4.3009
3.5134
4.1053
2.3656
4.3130
3.7158
3.2265
3.5182
3.9279
3.4695
4.1838
3.5965
3.8879
4.0775
3.9703
3.7581
3.5824
3.1154
3.0760
2.9658
2.7287
3.6158
3.9646
3.5545
3.7881
3.5027
3.8736
4.0592
2.9374
3.4440
3.5988
3.1171
4.3087
3.5523
4.3493
2.7504
4.3566
2.7574
3.8421
3.7440
4.5451
4.6394
3.5829
2.9813
3.7357
3.4035
4.1477
3.6261
2.8684
3.8426
3.1875
3.8633
2.9822
2.1915
3.3408
2.8965
3.2399
3.9139
3.5375
3.1323
3.7810
3.0046
4.0860
4.2276
3.5433
2.8245
3.1200
4.1547
3.7213
3.7126
3.5656
3.8372
4.6048
3.0970
3.6232
3.6920
3.6943
2.6551
3.4777
3.7365
3.8188
3.7977
4.1626
4.1074
3.2963
3.4798
3.2733
3.8505
3.5905
3.6515
3.9016
3.6659
0.8984
3.5569
3.9891
3.7762
2.8344
4.3884
3.5760
3.5521
2.6961
4.2903
4.0853
2.3684
3.4585
3.9506
4.1165
2.7934
2.9487
3.3096
3.3940
3.9182
3.5467
4.3471
3.4889
3.7280
3.6502
3.7431
4.0737
3.4140
4.2830
4.0060
4.5499
1.8427
4.2182
2.9947
3.9012
4.0575
3.2494
4.1360
4.0678
3.3984
2.8436
3.7891
4.2120
3.3400
3.6597
2.9944
2.7751
2.7921
2.7046
3.8947
3.0290
3.3877
2.9474
3.4991
3.2134
2.9241
4.2169
3.6605
3.6064
3.6520
3.5291
2.9867
3.6569
3.8154
3.6141
3.2318
3.4065
4.1033
3.7491
4.0328
4.1089
3.2014
3.6241
3.3640
4.0757
4.7278
4.3606
3.9620
4.1051
3.5822
3.7145
3.7282
2.6298
3.7138
3.0305
2.7437
4.0524
4.0968
3.6289
3.8561
4.3277
2.2568
2.8317
4.0986
2.9833
2.6826
3.2501
4.0974
3.0394
3.2687
2.4311
3.8805
3.5141
3.7783
2.7249
3.6131
3.9317
2.5505
3.6275
3.6984
3.3884
3.6702
3.7149
4.1941
3.6525
3.5769
4.5216
3.4766
2.7374
2.8825
3.3587
2.9049
4.9403
3.6255
3.5399
2.9697
3.5917
3.1754
1.7468
3.1579
4.2414
2.9509
3.4003
1.7030
3.6369
3.3100
2.7247
3.8483
4.6696
4.0656
3.5988
4.4324
3.8522
3.0351
4.0375
4.2414
3.3068
2.7745
